{
    "name": "Ahmhor System",
    "planets": [
        {
            "name": "The Fridge",
            "mass": 10000,
            "position_x": 5900,
            "position_y": -20100,
            "velocity_x": 148.24029541015625,
            "velocity_y": 43.513328552246094,
            "required_thrust_to_move": 0,
            "starting_planet": true,
            "respawn": false,
            "start_destroyed": false,
            "min_spawn_delay": 0,
            "max_spawn_delay": 0,
            "planet": {
                "seed": 1245773440,
                "radius": 900,
                "heightRange": 0,
                "waterHeight": 56,
                "waterDepth": 100,
                "temperature": 0,
                "metalDensity": 0,
                "metalClusters": 0,
                "metalSpotLimit": -1,
                "biomeScale": 50,
                "biome": "earth",
                "symmetryType": "none",
                "symmetricalMetal": false,
                "symmetricalStarts": false,
                "numArmies": 2,
                "landingZonesPerArmy": 0,
                "landingZoneSize": 112
            },
            "planetCSG": [
                {
                    "weight": [
                        0,
                        0,
                        0,
                        0
                    ],
                    "spec": "/pa/terrain/ice/brushes/ice_metal_t2_medium_3_ramp.json",
                    "proj": "BP_Bend",
                    "transform": [
                        0.47858530282974243,
                        0.07717327773571014,
                        -0.8746429681777954,
                        -790.6015625,
                        0.07717327773571014,
                        0.9885777831077576,
                        0.12945370376110077,
                        117.01494598388672,
                        0.8746429681777954,
                        -0.12945370376110077,
                        0.4671630859375,
                        422.2749938964844
                    ],
                    "op": "BO_Add",
                    "rotation": 0,
                    "scale": [
                        1,
                        1,
                        1
                    ],
                    "height": 903.9134521484375,
                    "position": [
                        -790.6015625,
                        117.01495361328125,
                        422.2750244140625
                    ],
                    "weightHard": false,
                    "weightScale": [
                        1,
                        1,
                        1
                    ],
                    "mirrored": false,
                    "twinId": 0,
                    "flooded": false,
                    "pathable": true,
                    "mergeable": false,
                    "no_features": true
                },
                {
                    "weight": [
                        0,
                        0,
                        0,
                        0
                    ],
                    "spec": "/pa/terrain/ice/brushes/ice_metal_t3_small_2x_1_ramp.json",
                    "proj": "BP_Bend",
                    "transform": [
                        0.07983821630477905,
                        -0.3027324974536896,
                        -0.9497255682945251,
                        -857.7174682617188,
                        0.9894183278083801,
                        -0.09172990918159485,
                        0.11241456121206284,
                        101.52399444580078,
                        -0.12114978581666946,
                        -0.9486509561538696,
                        0.29220548272132874,
                        263.89703369140625
                    ],
                    "op": "BO_Add",
                    "rotation": 1.5799990892410278,
                    "scale": [
                        1,
                        1,
                        1
                    ],
                    "height": 903.121337890625,
                    "position": [
                        -857.717529296875,
                        101.52400207519531,
                        263.89697265625
                    ],
                    "weightHard": false,
                    "weightScale": [
                        1,
                        1,
                        1
                    ],
                    "mirrored": false,
                    "twinId": 0,
                    "flooded": false,
                    "pathable": true,
                    "mergeable": false,
                    "no_features": true
                },
                {
                    "weight": [
                        0,
                        0,
                        0,
                        0
                    ],
                    "spec": "/pa/terrain/ice/brushes/ice_metal_t3_small_2x_1_ramp.json",
                    "proj": "BP_Bend",
                    "transform": [
                        -0.08489623665809631,
                        0.6349738836288452,
                        -0.767854630947113,
                        -694.4274291992188,
                        -0.9893925786018372,
                        0.03744717687368393,
                        0.1403568536043167,
                        126.93502044677734,
                        0.11787691712379456,
                        0.7716254591941833,
                        0.6250593066215515,
                        565.287109375
                    ],
                    "op": "BO_Add",
                    "rotation": -1.5999988317489624,
                    "scale": [
                        1,
                        1,
                        1
                    ],
                    "height": 904.37353515625,
                    "position": [
                        -694.427490234375,
                        126.93504333496094,
                        565.2870483398438
                    ],
                    "weightHard": false,
                    "weightScale": [
                        1,
                        1,
                        1
                    ],
                    "mirrored": false,
                    "twinId": 0,
                    "flooded": false,
                    "pathable": true,
                    "mergeable": false,
                    "no_features": true
                },
                {
                    "weight": [
                        0,
                        0,
                        0,
                        0
                    ],
                    "spec": "/pa/terrain/ice/brushes/ice_metal_t2_medium_3_ramp.json",
                    "proj": "BP_Bend",
                    "transform": [
                        0.6187718510627747,
                        0.624618411064148,
                        0.4764169752597809,
                        429.7792053222656,
                        0.3101443946361542,
                        0.36295485496520996,
                        -0.8786774277687073,
                        -792.6612548828125,
                        -0.7217559814453125,
                        0.6914589405059814,
                        0.030864357948303223,
                        27.842960357666016
                    ],
                    "op": "BO_Add",
                    "rotation": -0.3099999725818634,
                    "scale": [
                        1,
                        1,
                        1
                    ],
                    "height": 902.1072387695312,
                    "position": [
                        429.77923583984375,
                        -792.661376953125,
                        27.842803955078125
                    ],
                    "weightHard": false,
                    "weightScale": [
                        1,
                        1,
                        1
                    ],
                    "mirrored": false,
                    "twinId": 0,
                    "flooded": false,
                    "pathable": true,
                    "mergeable": false,
                    "no_features": true
                },
                {
                    "weight": [
                        0,
                        0,
                        0,
                        0
                    ],
                    "spec": "/pa/terrain/ice/brushes/ice_metal_t3_small_2x_1_ramp.json",
                    "proj": "BP_Bend",
                    "transform": [
                        -0.6241014003753662,
                        0.5172355771064758,
                        0.5856318473815918,
                        527.521240234375,
                        -0.3607361912727356,
                        0.4741124212741852,
                        -0.8031728267669678,
                        -723.4761962890625,
                        -0.6930849552154541,
                        -0.7125199437141418,
                        -0.10930871218442917,
                        -98.46231079101562
                    ],
                    "op": "BO_Add",
                    "rotation": -1.739998698234558,
                    "scale": [
                        1,
                        1,
                        1
                    ],
                    "height": 900.772705078125,
                    "position": [
                        527.521240234375,
                        -723.476318359375,
                        -98.4624252319336
                    ],
                    "weightHard": false,
                    "weightScale": [
                        1,
                        1,
                        1
                    ],
                    "mirrored": false,
                    "twinId": 0,
                    "flooded": false,
                    "pathable": true,
                    "mergeable": false,
                    "no_features": true
                },
                {
                    "weight": [
                        0,
                        0,
                        0,
                        0
                    ],
                    "spec": "/pa/terrain/ice/brushes/ice_metal_t3_small_2x_1_ramp.json",
                    "proj": "BP_Bend",
                    "transform": [
                        0.6175010204315186,
                        -0.7053117156028748,
                        0.3481782078742981,
                        313.6387634277344,
                        0.35890722274780273,
                        -0.14123226702213287,
                        -0.922626256942749,
                        -831.1012573242188,
                        0.6999130249023438,
                        0.6946862936019897,
                        0.1659303903579712,
                        149.4700164794922
                    ],
                    "op": "BO_Add",
                    "rotation": 1.1499992609024048,
                    "scale": [
                        1,
                        1,
                        1
                    ],
                    "height": 900.7994995117188,
                    "position": [
                        313.63873291015625,
                        -831.1011962890625,
                        149.47006225585938
                    ],
                    "weightHard": false,
                    "weightScale": [
                        1,
                        1,
                        1
                    ],
                    "mirrored": false,
                    "twinId": 0,
                    "flooded": false,
                    "pathable": true,
                    "mergeable": false,
                    "no_features": true
                },
                {
                    "weight": [
                        0,
                        0,
                        0,
                        0
                    ],
                    "spec": "/pa/terrain/ice/brushes/ice_metal_t2_medium_3_ramp.json",
                    "proj": "BP_Bend",
                    "transform": [
                        -0.6896736025810242,
                        -0.1367325782775879,
                        0.7110941410064697,
                        640.5516967773438,
                        0.11834719777107239,
                        0.9475225210189819,
                        0.2969765365123749,
                        267.5156555175781,
                        -0.7143840789794922,
                        0.2889729142189026,
                        -0.6372994184494019,
                        -574.0775756835938
                    ],
                    "op": "BO_Add",
                    "rotation": 0.7799995541572571,
                    "scale": [
                        1,
                        1,
                        1
                    ],
                    "height": 900.7973022460938,
                    "position": [
                        640.5515747070312,
                        267.515625,
                        -574.077392578125
                    ],
                    "weightHard": false,
                    "weightScale": [
                        1,
                        1,
                        1
                    ],
                    "mirrored": false,
                    "twinId": 0,
                    "flooded": false,
                    "pathable": true,
                    "mergeable": false,
                    "no_features": true
                },
                {
                    "weight": [
                        0,
                        0,
                        0,
                        0
                    ],
                    "spec": "/pa/terrain/ice/brushes/ice_metal_t3_small_2x_1_ramp.json",
                    "proj": "BP_Bend",
                    "transform": [
                        0.1447165310382843,
                        -0.811945915222168,
                        0.5655096173286438,
                        509.4069519042969,
                        -0.9480029344558716,
                        0.04995134472846985,
                        0.3143174946308136,
                        283.1349182128906,
                        -0.2834567427635193,
                        -0.5815917253494263,
                        -0.7624982595443726,
                        -686.8529052734375
                    ],
                    "op": "BO_Add",
                    "rotation": -0.6099997162818909,
                    "scale": [
                        1,
                        1,
                        1
                    ],
                    "height": 900.792724609375,
                    "position": [
                        509.4069519042969,
                        283.1349182128906,
                        -686.852783203125
                    ],
                    "weightHard": false,
                    "weightScale": [
                        1,
                        1,
                        1
                    ],
                    "mirrored": false,
                    "twinId": 0,
                    "flooded": false,
                    "pathable": true,
                    "mergeable": false,
                    "no_features": true
                },
                {
                    "weight": [
                        0,
                        0,
                        0,
                        0
                    ],
                    "spec": "/pa/terrain/ice/brushes/ice_metal_t3_small_2x_1_ramp.json",
                    "proj": "BP_Bend",
                    "transform": [
                        -0.1309688687324524,
                        0.5428303480148315,
                        0.8295674920082092,
                        747.3040771484375,
                        0.9461241364479065,
                        -0.181514173746109,
                        0.26814478635787964,
                        241.55442810058594,
                        0.29613542556762695,
                        0.8199925422668457,
                        -0.4898122251033783,
                        -441.2403564453125
                    ],
                    "op": "BO_Add",
                    "rotation": 2.2299985885620117,
                    "scale": [
                        1,
                        1,
                        1
                    ],
                    "height": 900.835693359375,
                    "position": [
                        747.3040771484375,
                        241.554443359375,
                        -441.24029541015625
                    ],
                    "weightHard": false,
                    "weightScale": [
                        1,
                        1,
                        1
                    ],
                    "mirrored": false,
                    "twinId": 0,
                    "flooded": false,
                    "pathable": true,
                    "mergeable": false,
                    "no_features": true
                },
                {
                    "weight": [
                        0,
                        0,
                        0,
                        0
                    ],
                    "spec": "/pa/terrain/ice/brushes/ice_metal_t2_medium_3_ramp.json",
                    "proj": "BP_Bend",
                    "transform": [
                        -0.7951763868331909,
                        0.5606026649475098,
                        -0.23112604022026062,
                        -208.2073516845703,
                        -0.0056783705949783325,
                        0.37425723671913147,
                        0.9273075461387634,
                        835.3547973632812,
                        0.6063516736030579,
                        0.7386854887008667,
                        -0.294417142868042,
                        -265.2224426269531
                    ],
                    "op": "BO_Add",
                    "rotation": -2.209998369216919,
                    "scale": [
                        1,
                        1,
                        1
                    ],
                    "height": 900.8389892578125,
                    "position": [
                        -208.20736694335938,
                        835.3548583984375,
                        -265.22235107421875
                    ],
                    "weightHard": false,
                    "weightScale": [
                        1,
                        1,
                        1
                    ],
                    "mirrored": false,
                    "twinId": 0,
                    "flooded": false,
                    "pathable": true,
                    "mergeable": true,
                    "no_features": true
                },
                {
                    "weight": [
                        0,
                        0,
                        0,
                        0
                    ],
                    "spec": "/pa/terrain/ice/brushes/ice_metal_t3_small_2x_1_ramp.json",
                    "proj": "BP_Bend",
                    "transform": [
                        -0.5526288151741028,
                        -0.7417565584182739,
                        -0.3799983263015747,
                        -342.5330505371094,
                        -0.3739384412765503,
                        -0.1867988109588623,
                        0.9084472060203552,
                        818.8804321289062,
                        -0.7448298931121826,
                        0.6441300511360168,
                        -0.17414093017578125,
                        -156.9718017578125
                    ],
                    "op": "BO_Add",
                    "rotation": 2.6799981594085693,
                    "scale": [
                        1,
                        1,
                        1
                    ],
                    "height": 901.40673828125,
                    "position": [
                        -342.5329895019531,
                        818.88037109375,
                        -156.9716796875
                    ],
                    "weightHard": false,
                    "weightScale": [
                        1,
                        1,
                        1
                    ],
                    "mirrored": false,
                    "twinId": 0,
                    "flooded": false,
                    "pathable": true,
                    "mergeable": true,
                    "no_features": true
                },
                {
                    "weight": [
                        0,
                        0,
                        0,
                        0
                    ],
                    "spec": "/pa/terrain/ice/brushes/ice_metal_t3_small_2x_1_ramp.json",
                    "proj": "BP_Bend",
                    "transform": [
                        0.5599932670593262,
                        0.825151801109314,
                        -0.07437782734632492,
                        -67.0046615600586,
                        0.37456220388412476,
                        -0.1720738410949707,
                        0.9110946655273438,
                        820.7767333984375,
                        0.7389929294586182,
                        -0.5380659699440002,
                        -0.40543079376220703,
                        -365.23992919921875
                    ],
                    "op": "BO_Add",
                    "rotation": -0.8599994778633118,
                    "scale": [
                        1,
                        1,
                        1
                    ],
                    "height": 900.8687744140625,
                    "position": [
                        -67.00466918945312,
                        820.77685546875,
                        -365.2400817871094
                    ],
                    "weightHard": false,
                    "weightScale": [
                        1,
                        1,
                        1
                    ],
                    "mirrored": false,
                    "twinId": 0,
                    "flooded": false,
                    "pathable": true,
                    "mergeable": true,
                    "no_features": true
                },
                {
                    "weight": [
                        0,
                        0,
                        0,
                        0
                    ],
                    "spec": "/pa/terrain/ice/brushes/ice_metal_t2_medium_4_ramp.json",
                    "proj": "BP_Bend",
                    "transform": [
                        0.778954029083252,
                        -0.12145203351974487,
                        0.6152072548866272,
                        554.1810302734375,
                        -0.12145203351974487,
                        0.9332690834999084,
                        0.3380209803581238,
                        304.4905700683594,
                        -0.6152072548866272,
                        -0.3380209803581238,
                        0.7122231721878052,
                        641.5733032226562
                    ],
                    "op": "BO_Add",
                    "rotation": 0,
                    "scale": [
                        1,
                        1,
                        1
                    ],
                    "height": 900.8037719726562,
                    "position": [
                        554.1810913085938,
                        304.4906005859375,
                        641.5732421875
                    ],
                    "weightHard": false,
                    "weightScale": [
                        1,
                        1,
                        1
                    ],
                    "mirrored": false,
                    "twinId": 0,
                    "flooded": false,
                    "pathable": true,
                    "mergeable": false,
                    "no_features": true
                },
                {
                    "weight": [
                        0,
                        0,
                        0,
                        0
                    ],
                    "spec": "/pa/terrain/ice/brushes/ice_metal_t3_small_2x_1_ramp.json",
                    "proj": "BP_Bend",
                    "transform": [
                        -0.10796188563108444,
                        -0.8791655898094177,
                        0.4641250967979431,
                        418.07757568359375,
                        0.9318512082099915,
                        0.07318110018968582,
                        0.35538414120674133,
                        320.12518310546875,
                        -0.3464067280292511,
                        0.4708634912967682,
                        0.8113506436347961,
                        730.8536376953125
                    ],
                    "op": "BO_Add",
                    "rotation": 1.5899990797042847,
                    "scale": [
                        1,
                        1,
                        1
                    ],
                    "height": 900.7863159179688,
                    "position": [
                        418.0775451660156,
                        320.12518310546875,
                        730.8536376953125
                    ],
                    "weightHard": false,
                    "weightScale": [
                        1,
                        1,
                        1
                    ],
                    "mirrored": false,
                    "twinId": 0,
                    "flooded": false,
                    "pathable": true,
                    "mergeable": false,
                    "no_features": true
                },
                {
                    "weight": [
                        0,
                        0,
                        0,
                        0
                    ],
                    "spec": "/pa/terrain/ice/brushes/ice_metal_t3_small_2x_1_ramp.json",
                    "proj": "BP_Bend",
                    "transform": [
                        0.134080171585083,
                        0.6518353819847107,
                        0.7464134097099304,
                        672.3869018554688,
                        -0.935782253742218,
                        -0.1645701825618744,
                        0.31181442737579346,
                        280.88983154296875,
                        0.32608911395072937,
                        -0.7402886152267456,
                        0.5879103541374207,
                        529.6036376953125
                    ],
                    "op": "BO_Add",
                    "rotation": -1.5899988412857056,
                    "scale": [
                        1,
                        1,
                        1
                    ],
                    "height": 900.8236694335938,
                    "position": [
                        672.3869018554688,
                        280.88983154296875,
                        529.6036376953125
                    ],
                    "weightHard": false,
                    "weightScale": [
                        1,
                        1,
                        1
                    ],
                    "mirrored": false,
                    "twinId": 0,
                    "flooded": false,
                    "pathable": true,
                    "mergeable": false,
                    "no_features": true
                },
                {
                    "weight": [
                        0,
                        0,
                        0,
                        0
                    ],
                    "spec": "/pa/terrain/ice/brushes/ice_metal_t3_small_2x_1_ramp.json",
                    "proj": "BP_Bend",
                    "transform": [
                        0.7801312208175659,
                        -0.22659283876419067,
                        0.5831388831138611,
                        525.3228149414062,
                        -0.12841147184371948,
                        0.854261040687561,
                        0.5037345886230469,
                        453.7911682128906,
                        -0.6122955083847046,
                        -0.46786078810691833,
                        0.6373385787010193,
                        574.1488037109375
                    ],
                    "op": "BO_Add",
                    "rotation": 0.059999994933605194,
                    "scale": [
                        1,
                        1,
                        1
                    ],
                    "height": 900.8536987304688,
                    "position": [
                        525.3228759765625,
                        453.79119873046875,
                        574.1488037109375
                    ],
                    "weightHard": false,
                    "weightScale": [
                        1,
                        1,
                        1
                    ],
                    "mirrored": false,
                    "twinId": 0,
                    "flooded": false,
                    "pathable": true,
                    "mergeable": false,
                    "no_features": true
                },
                {
                    "weight": [
                        0,
                        0,
                        0,
                        0
                    ],
                    "spec": "/pa/terrain/ice/brushes/ice_metal_t3_small_2x_1_ramp.json",
                    "proj": "BP_Bend",
                    "transform": [
                        -0.7797837257385254,
                        -0.008511770516633987,
                        0.62599116563797,
                        563.8714599609375,
                        0.13528050482273102,
                        -0.9785749912261963,
                        0.15521007776260376,
                        139.8079376220703,
                        0.6112581491470337,
                        0.20571468770503998,
                        0.764228343963623,
                        688.3908081054688
                    ],
                    "op": "BO_Add",
                    "rotation": 3.059997797012329,
                    "scale": [
                        1,
                        1,
                        1
                    ],
                    "height": 900.765869140625,
                    "position": [
                        563.8714599609375,
                        139.80792236328125,
                        688.3907470703125
                    ],
                    "weightHard": false,
                    "weightScale": [
                        1,
                        1,
                        1
                    ],
                    "mirrored": false,
                    "twinId": 0,
                    "flooded": false,
                    "pathable": true,
                    "mergeable": false,
                    "no_features": true
                },
                {
                    "weight": [
                        0,
                        0,
                        0,
                        0
                    ],
                    "spec": "/pa/terrain/ice/brushes/ice_t3_small_2x_1_ramp.json",
                    "proj": "BP_Bend",
                    "transform": [
                        -0.04371631145477295,
                        -0.7891578674316406,
                        -0.6126324534416199,
                        -551.8636474609375,
                        -0.7891578674316406,
                        0.4033147692680359,
                        -0.4632137417793274,
                        -417.2662048339844,
                        0.6126324534416199,
                        0.4632137417793274,
                        -0.6404016017913818,
                        -576.8782958984375
                    ],
                    "op": "BO_Add",
                    "rotation": 0,
                    "scale": [
                        1,
                        1,
                        1
                    ],
                    "height": 900.8070678710938,
                    "position": [
                        -551.86376953125,
                        -417.26629638671875,
                        -576.8782958984375
                    ],
                    "weightHard": false,
                    "weightScale": [
                        1,
                        1,
                        1
                    ],
                    "mirrored": false,
                    "twinId": 0,
                    "flooded": false,
                    "pathable": true,
                    "mergeable": false,
                    "no_features": false
                },
                {
                    "weight": [
                        0,
                        0,
                        0,
                        0
                    ],
                    "spec": "/pa/terrain/ice/brushes/ice_t3_small_2x_1_ramp.json",
                    "proj": "BP_Bend",
                    "transform": [
                        0.19114550948143005,
                        0.8046915531158447,
                        -0.6857385039329529,
                        -506.31549072265625,
                        0.6983005404472351,
                        -0.5139142274856567,
                        -0.6078837513923645,
                        -448.8313903808594,
                        -0.6898114085197449,
                        -0.2972601652145386,
                        -0.8053815960884094,
                        -594.654052734375
                    ],
                    "op": "BO_Add",
                    "rotation": 3.4599974155426025,
                    "scale": [
                        1,
                        1,
                        1.2199997901916504
                    ],
                    "height": 900.7876586914062,
                    "position": [
                        -506.31549072265625,
                        -448.8313293457031,
                        -594.654052734375
                    ],
                    "weightHard": false,
                    "weightScale": [
                        1,
                        1,
                        1
                    ],
                    "mirrored": false,
                    "twinId": 0,
                    "flooded": false,
                    "pathable": true,
                    "mergeable": false,
                    "no_features": false
                },
                {
                    "weight": [
                        0,
                        0,
                        0,
                        0
                    ],
                    "spec": "/pa/terrain/ice/brushes/ice_crack_01.json",
                    "proj": "BP_Bend",
                    "transform": [
                        -0.7509293556213379,
                        0.5179523825645447,
                        0.4096713364124298,
                        370.30902099609375,
                        0.5179523825645447,
                        0.8467815518379211,
                        -0.12118721008300781,
                        -109.54322052001953,
                        -0.4096713364124298,
                        0.12118721008300781,
                        -0.904147744178772,
                        -817.2748413085938
                    ],
                    "op": "BO_Subtract",
                    "rotation": 0,
                    "scale": [
                        1,
                        1,
                        1
                    ],
                    "height": 903.9173583984375,
                    "position": [
                        370.30908203125,
                        -109.54324340820312,
                        -817.2747802734375
                    ],
                    "weightHard": false,
                    "weightScale": [
                        1,
                        1,
                        1
                    ],
                    "mirrored": false,
                    "twinId": 0,
                    "flooded": true,
                    "pathable": false,
                    "mergeable": false,
                    "no_features": true
                },
                {
                    "weight": [
                        0,
                        0,
                        0,
                        0
                    ],
                    "spec": "/pa/terrain/ice/brushes/ice_crack_02.json",
                    "proj": "BP_Bend",
                    "transform": [
                        -0.7745581865310669,
                        -0.4809131324291229,
                        0.4108310043811798,
                        370.55743408203125,
                        -0.5948372483253479,
                        0.7746490240097046,
                        -0.21467989683151245,
                        -193.63491821289062,
                        -0.2150074541568756,
                        -0.41065967082977295,
                        -0.8860758543014526,
                        -799.2142333984375
                    ],
                    "op": "BO_Subtract",
                    "rotation": -1.569998860359192,
                    "scale": [
                        1,
                        1,
                        1
                    ],
                    "height": 901.970458984375,
                    "position": [
                        370.55743408203125,
                        -193.63491821289062,
                        -799.2142333984375
                    ],
                    "weightHard": false,
                    "weightScale": [
                        1,
                        1,
                        1
                    ],
                    "mirrored": false,
                    "twinId": 0,
                    "flooded": true,
                    "pathable": false,
                    "mergeable": false,
                    "no_features": true
                },
                {
                    "weight": [
                        0,
                        0,
                        0,
                        0
                    ],
                    "spec": "/pa/terrain/ice/brushes/ice_crack_02.json",
                    "proj": "BP_Bend",
                    "transform": [
                        0.6051598191261292,
                        -0.9609534740447998,
                        0.3555974066257477,
                        269.2278747558594,
                        1.0181342363357544,
                        0.6104001998901367,
                        -0.08314964920282364,
                        -62.953792572021484,
                        -0.11525528132915497,
                        0.34652504324913025,
                        1.1325794458389282,
                        857.4921264648438
                    ],
                    "op": "BO_Subtract",
                    "rotation": 1.019999384880066,
                    "scale": [
                        1.1899998188018799,
                        1.1899998188018799,
                        1.1899998188018799
                    ],
                    "height": 900.9658813476562,
                    "position": [
                        269.2279052734375,
                        -62.95378875732422,
                        857.4920654296875
                    ],
                    "weightHard": false,
                    "weightScale": [
                        1,
