{
    "name": "Aleph System",
    "planets": [
        {
            "name": "Aleph",
            "mass": 17176,
            "position_x": 5300,
            "position_y": -14600,
            "velocity_x": 168.650390625,
            "velocity_y": 61.22240447998047,
            "required_thrust_to_move": 0,
            "starting_planet": true,
            "respawn": false,
            "start_destroyed": false,
            "min_spawn_delay": 0,
            "max_spawn_delay": 0,
            "planet": {
                "seed": 390135712,
                "radius": 700,
                "heightRange": 0,
                "waterHeight": 52.999996185302734,
                "waterDepth": 100,
                "temperature": 80,
                "metalDensity": 0,
                "metalClusters": 0,
                "metalSpotLimit": -1,
                "biomeScale": 50,
                "biome": "tropical",
                "symmetryType": "none",
                "symmetricalMetal": false,
                "symmetricalStarts": false,
                "numArmies": 2,
                "landingZonesPerArmy": 0,
                "landingZoneSize": 0
            },
            "planetCSG": [
                {
                    "weight": [
                        1,
                        1,
                        1,
                        1
                    ],
                    "spec": "/pa/terrain/jungle/brushes/jungle_volcano_06.json",
                    "proj": "BP_Bend",
                    "transform": [
                        -0.9089849591255188,
                        0.27109888195991516,
                        0.7512331008911133,
                        435.1747131347656,
                        0.27109888195991516,
                        1.1753159761428833,
                        -0.09611132740974426,
                        -55.67542266845703,
                        -0.7512331008911133,
                        0.09611132740974426,
                        -0.9436688423156738,
                        -546.6489868164062
                    ],
                    "op": "BO_Add",
                    "rotation": 0,
                    "scale": [
                        1.2099997997283936,
                        1.2099997997283936,
                        1.2099997997283936
                    ],
                    "height": 700.9293212890625,
                    "position": [
                        435.1746826171875,
                        -55.6754150390625,
                        -546.6490478515625
                    ],
                    "weightHard": false,
                    "weightScale": [
                        1,
                        1,
                        1
                    ],
                    "mirrored": false,
                    "twinId": 0,
                    "flooded": false,
                    "pathable": false,
                    "mergeable": false,
                    "no_features": false
                },
                {
                    "weight": [
                        1,
                        1,
                        1,
                        1
                    ],
                    "spec": "/pa/terrain/jungle/brushes/jungle_plateau_06.json",
                    "proj": "BP_Bend",
                    "transform": [
                        -0.7206648588180542,
                        -0.054132867604494095,
                        0.6911665797233582,
                        484.2953186035156,
                        -0.054132867604494095,
                        0.9982969760894775,
                        0.02174440212547779,
                        15.2361421585083,
                        -0.6911665797233582,
                        -0.02174440212547779,
                        -0.7223678827285767,
                        -506.1578369140625
                    ],
                    "op": "BO_Add",
                    "rotation": 0,
                    "scale": [
                        1,
                        1,
                        1
                    ],
                    "height": 700.692626953125,
                    "position": [
                        484.29541015625,
                        15.23614501953125,
                        -506.1580810546875
                    ],
                    "weightHard": false,
                    "weightScale": [
                        1,
                        1,
                        1
                    ],
                    "mirrored": false,
                    "twinId": 0,
                    "flooded": false,
                    "pathable": false,
                    "mergeable": false,
                    "no_features": false
                },
                {
                    "weight": [
                        1,
                        1,
                        1,
                        1
                    ],
                    "spec": "/pa/terrain/jungle/brushes/jungle_plateau_06.json",
                    "proj": "BP_Bend",
                    "transform": [
                        -0.37442517280578613,
                        0.59324049949646,
                        0.7126511335372925,
                        499.6233825683594,
                        0.8014929890632629,
                        0.5935342311859131,
                        -0.07298020273447037,
                        -51.16474914550781,
                        -0.4662776291370392,
                        0.5438592433929443,
                        -0.6977123022079468,
                        -489.1501159667969
                    ],
                    "op": "BO_Add",
                    "rotation": 0.7599998116493225,
                    "scale": [
                        1,
                        1,
                        1
                    ],
                    "height": 701.0770874023438,
                    "position": [
                        499.6234130859375,
                        -51.16474914550781,
                        -489.1500244140625
                    ],
                    "weightHard": false,
                    "weightScale": [
                        1,
                        1,
                        1
                    ],
                    "mirrored": false,
                    "twinId": 0,
                    "flooded": false,
                    "pathable": false,
                    "mergeable": false,
                    "no_features": false
                },
                {
                    "weight": [
                        1,
                        1,
                        1,
                        1
                    ],
                    "spec": "/pa/terrain/jungle/brushes/jungle_volcano_06.json",
                    "proj": "BP_Bend",
                    "transform": [
                        -0.7949376106262207,
                        -0.1738361418247223,
                        0.5812532901763916,
                        407.29833984375,
                        -0.1738361418247223,
                        0.9831643104553223,
                        0.05629322677850723,
                        39.44603729248047,
                        -0.5812532901763916,
                        -0.05629322677850723,
                        -0.8117733001708984,
                        -568.829345703125
                    ],
                    "op": "BO_Add",
                    "rotation": 0,
                    "scale": [
                        1,
                        1,
                        1
                    ],
                    "height": 700.724365234375,
                    "position": [
                        407.29833984375,
                        39.44603729248047,
                        -568.8292236328125
                    ],
                    "weightHard": false,
                    "weightScale": [
                        1,
                        1,
                        1
                    ],
                    "mirrored": false,
                    "twinId": 0,
                    "flooded": false,
                    "pathable": false,
                    "mergeable": false,
                    "no_features": false
                },
                {
                    "weight": [
                        1,
                        1,
                        1,
                        1
                    ],
                    "spec": "/pa/terrain/jungle/brushes/jungle_plateau_06.json",
                    "proj": "BP_Bend",
                    "transform": [
                        -0.8242312669754028,
                        -0.13106128573417664,
                        0.5508767366409302,
                        386.1905212402344,
                        -0.2532851994037628,
                        0.9554297924041748,
                        -0.15165932476520538,
                        -106.32032012939453,
                        -0.5064473748207092,
                        -0.26453128457069397,
                        -0.8206909894943237,
                        -575.343017578125
                    ],
                    "op": "BO_Add",
                    "rotation": -0.7499995827674866,
                    "scale": [
                        1,
                        1,
                        1
                    ],
                    "height": 701.0470581054688,
                    "position": [
                        386.1904296875,
                        -106.3202896118164,
                        -575.34326171875
                    ],
                    "weightHard": false,
                    "weightScale": [
                        1,
                        1,
                        1
                    ],
                    "mirrored": false,
                    "twinId": 0,
                    "flooded": false,
                    "pathable": false,
                    "mergeable": false,
                    "no_features": false
                },
                {
                    "weight": [
                        1,
                        1,
                        1,
                        1
                    ],
                    "spec": "/pa/terrain/jungle/brushes/jungle_crack_01.json",
                    "proj": "BP_Bend",
                    "transform": [
                        -0.6594281196594238,
                        -0.45249736309051514,
                        0.6003342270851135,
                        420.7220153808594,
                        -0.6080327033996582,
                        0.7906457781791687,
                        -0.07194128632545471,
                        -50.417388916015625,
                        -0.442098468542099,
                        -0.4124629497528076,
                        -0.7965072393417358,
                        -558.20263671875
                    ],
                    "op": "BO_Subtract",
                    "rotation": -0.8699994683265686,
                    "scale": [
                        1,
                        1,
                        1
                    ],
                    "height": 700.81298828125,
                    "position": [
                        420.7220458984375,
                        -50.417388916015625,
                        -558.202392578125
                    ],
                    "weightHard": false,
                    "weightScale": [
                        1,
                        1,
                        1
                    ],
                    "mirrored": false,
                    "twinId": 0,
                    "flooded": true,
                    "pathable": false,
                    "mergeable": false,
                    "no_features": true
                },
                {
                    "weight": [
                        1,
                        1,
                        1,
                        1
                    ],
                    "spec": "/pa/terrain/jungle/brushes/jungle_volcano_06.json",
                    "proj": "BP_Bend",
                    "transform": [
                        -0.6670626401901245,
                        0.14825217425823212,
                        0.9249590635299683,
                        563.9465942382812,
                        0.14825217425823212,
                        1.137904167175293,
                        -0.07546641677618027,
                        -46.01179122924805,
                        -0.9249590635299683,
                        0.07546641677618027,
                        -0.6791583895683289,
                        -414.0821533203125
                    ],
                    "op": "BO_Add",
                    "rotation": 0,
                    "scale": [
                        1.1499998569488525,
                        1.1499998569488525,
                        1.1499998569488525
                    ],
                    "height": 701.1536865234375,
                    "position": [
                        563.9464111328125,
                        -46.01177978515625,
                        -414.0819091796875
                    ],
                    "weightHard": false,
                    "weightScale": [
                        1,
                        1,
                        1
                    ],
                    "mirrored": false,
                    "twinId": 0,
                    "flooded": false,
                    "pathable": false,
                    "mergeable": false,
                    "no_features": false
                },
                {
                    "weight": [
                        1,
                        1,
                        1,
                        1
                    ],
                    "spec": "/pa/terrain/jungle/brushes/jungle_volcano_06.json",
                    "proj": "BP_Bend",
                    "transform": [
                        -0.7819571495056152,
                        -0.5201444625854492,
                        0.5127303600311279,
                        336.0119323730469,
                        -0.5201444625854492,
                        0.9239110946655273,
                        0.14400650560855865,
                        94.37300109863281,
                        -0.5127303600311279,
                        -0.14400650560855865,
                        -0.928045928478241,
                        -608.1842041015625
                    ],
                    "op": "BO_Add",
                    "rotation": 0,
                    "scale": [
                        1.0699999332427979,
                        1.0699999332427979,
                        1.0699999332427979
                    ],
                    "height": 701.2120971679688,
                    "position": [
                        336.0118408203125,
                        94.37298583984375,
                        -608.184326171875
                    ],
                    "weightHard": false,
                    "weightScale": [
                        1,
                        1,
                        1
                    ],
                    "mirrored": false,
                    "twinId": 0,
                    "flooded": false,
                    "pathable": false,
                    "mergeable": false,
                    "no_features": false
                },
                {
                    "weight": [
                        1,
                        1,
                        1,
                        1
                    ],
                    "spec": "/pa/terrain/jungle/brushes/jungle_volcano_06.json",
                    "proj": "BP_Bend",
                    "transform": [
                        0.9899924397468567,
                        -0.11463376134634018,
                        -0.08230490982532501,
                        -57.731021881103516,
                        -0.11463376134634018,
                        -0.31309545040130615,
                        -0.9427781105041504,
                        -661.2915649414062,
                        0.08230490982532501,
                        0.9427781105041504,
                        -0.32310307025909424,
                        -226.6337432861328
                    ],
                    "op": "BO_Add",
                    "rotation": 0,
                    "scale": [
                        1,
                        1,
                        1
                    ],
                    "height": 701.4286499023438,
                    "position": [
                        -57.73101806640625,
                        -661.29150390625,
                        -226.63369750976562
                    ],
                    "weightHard": false,
                    "weightScale": [
                        1,
                        1,
                        1
                    ],
                    "mirrored": false,
                    "twinId": 0,
                    "flooded": false,
                    "pathable": false,
                    "mergeable": false,
                    "no_features": false
                },
                {
                    "weight": [
                        1,
                        1,
                        1,
                        1
                    ],
                    "spec": "/pa/terrain/jungle/brushes/jungle_plateau_06.json",
                    "proj": "BP_Bend",
                    "transform": [
                        0.9961050748825073,
                        -0.06798090785741806,
                        -0.05615457519888878,
                        -39.42868423461914,
                        -0.06798090785741806,
                        -0.1865100860595703,
                        -0.9800983667373657,
                        -688.1716918945312,
                        0.05615457519888878,
                        0.9800983667373657,
                        -0.190405011177063,
                        -133.6920166015625
                    ],
                    "op": "BO_Add",
                    "rotation": 0,
                    "scale": [
                        1,
                        1,
                        1
                    ],
                    "height": 702.1455078125,
                    "position": [
                        -39.428680419921875,
                        -688.171630859375,
                        -133.69195556640625
                    ],
                    "weightHard": false,
                    "weightScale": [
                        1,
                        1,
                        1
                    ],
                    "mirrored": false,
                    "twinId": 0,
                    "flooded": false,
                    "pathable": false,
                    "mergeable": false,
                    "no_features": false
                },
                {
                    "weight": [
                        1,
                        1,
                        1,
                        1
                    ],
                    "spec": "/pa/terrain/jungle/brushes/jungle_volcano_06.json",
                    "proj": "BP_Bend",
                    "transform": [
                        0.7721178531646729,
                        -0.6220462918281555,
                        0.5208570957183838,
                        326.2216796875,
                        -0.6220462918281555,
                        0.007721604313701391,
                        0.9313423037528992,
                        583.3155517578125,
                        -0.5208570957183838,
                        -0.9313423037528992,
                        -0.3401603400707245,
                        -213.04823303222656
                    ],
                    "op": "BO_Add",
                    "rotation": 0,
                    "scale": [
                        1.119999885559082,
                        1.119999885559082,
                        1.119999885559082
                    ],
                    "height": 701.4750366210938,
                    "position": [
                        326.2216796875,
                        583.3155517578125,
                        -213.04833984375
                    ],
                    "weightHard": false,
                    "weightScale": [
                        1,
                        1,
                        1
                    ],
                    "mirrored": false,
                    "twinId": 0,
                    "flooded": false,
                    "pathable": false,
                    "mergeable": false,
                    "no_features": false
                },
                {
                    "weight": [
                        1,
                        1,
                        1,
                        1
                    ],
                    "spec": "/pa/terrain/jungle/brushes/jungle_volcano_06.json",
                    "proj": "BP_Bend",
                    "transform": [
                        0.015245530754327774,
                        0.3926734924316406,
                        1.1338318586349487,
                        663.7216796875,
                        0.3926734924316406,
                        1.069852590560913,
                        -0.375795841217041,
                        -219.98309326171875,
                        -1.1338318586349487,
                        0.375795841217041,
                        -0.11490166932344437,
                        -67.26105499267578
                    ],
                    "op": "BO_Add",
                    "rotation": 0,
                    "scale": [
                        1.1999998092651367,
                        1.1999998092651367,
                        1.1999998092651367
                    ],
                    "height": 702.4550170898438,
                    "position": [
                        663.7216796875,
                        -219.98309326171875,
                        -67.26100158691406
                    ],
                    "weightHard": false,
                    "weightScale": [
                        1,
                        1,
                        1
                    ],
                    "mirrored": false,
                    "twinId": 0,
                    "flooded": false,
                    "pathable": false,
                    "mergeable": false,
                    "no_features": false
                },
                {
                    "weight": [
                        1,
                        1,
                        1,
                        1
                    ],
                    "spec": "/pa/terrain/jungle/brushes/jungle_plateau_06.json",
                    "proj": "BP_Bend",
                    "transform": [
                        0.11165285110473633,
                        0.292951762676239,
                        0.9495857357978821,
                        666.8199462890625,
                        0.292951762676239,
                        0.9033927917480469,
                        -0.3131465017795563,
                        -219.89834594726562,
                        -0.9495857357978821,
                        0.3131465017795563,
                        0.015045642852783203,
                        10.565380096435547
                    ],
                    "op": "BO_Add",
                    "rotation": 0,
                    "scale": [
                        1,
                        1,
                        1
                    ],
                    "height": 702.221923828125,
                    "position": [
                        666.81982421875,
                        -219.8983154296875,
                        10.565399169921875
                    ],
                    "weightHard": false,
                    "weightScale": [
                        1,
                        1,
                        1
                    ],
                    "mirrored": false,
                    "twinId": 0,
                    "flooded": false,
                    "pathable": false,
                    "mergeable": false,
                    "no_features": false
                },
                {
                    "weight": [
                        1,
                        1,
                        1,
                        1
                    ],
                    "spec": "/pa/terrain/jungle/brushes/jungle_crack_01.json",
                    "proj": "BP_Bend",
                    "transform": [
                        0.004669521003961563,
                        0.3336900472640991,
                        1.0376554727554321,
                        668.60009765625,
                        0.3336900472640991,
                        0.9874053001403809,
                        -0.3190321922302246,
                        -205.5643310546875,
                        -1.0376554727554321,
                        0.3190321922302246,
                        -0.09792513400316238,
                        -63.0968132019043
                    ],
                    "op": "BO_Subtract",
                    "rotation": 0,
                    "scale": [
                        1.0899999141693115,
                        1.0899999141693115,
                        1.0899999141693115
                    ],
                    "height": 702.3275756835938,
                    "position": [
                        668.60009765625,
                        -205.5643310546875,
                        -63.0968017578125
                    ],
                    "weightHard": false,
                    "weightScale": [
                        1,
                        1,
                        1
                    ],
                    "mirrored": false,
                    "twinId": 0,
                    "flooded": true,
                    "pathable": false,
                    "mergeable": false,
                    "no_features": true
                },
                {
                    "weight": [
                        1,
                        1,
                        1,
                        1
                    ],
                    "spec": "/pa/terrain/jungle/brushes/jungle_crack_01.json",
                    "proj": "BP_Bend",
                    "transform": [
                        0.09385043382644653,
                        -0.9583854675292969,
                        0.5316851735115051,
                        339.0137634277344,
                        -0.5274592041969299,
                        0.4282721281051636,
                        0.8650835752487183,
                        551.5956420898438,
                        -0.9607177972793579,
                        -0.3287552297115326,
                        -0.423014372587204,
                        -269.72296142578125
                    ],
                    "op": "BO_Subtract",
                    "rotation": 0.6899996399879456,
                    "scale": [
                        1.0999999046325684,
                        1.0999999046325684,
                        1.0999999046325684
                    ],
                    "height": 701.38330078125,
                    "position": [
                        339.0137939453125,
                        551.595703125,
                        -269.72283935546875
                    ],
                    "weightHard": false,
                    "weightScale": [
                        1,
                        1,
                        1
                    ],
                    "mirrored": false,
                    "twinId": 0,
                    "flooded": false,
                    "pathable": false,
                    "mergeable": false,
                    "no_features": true
                },
                {
                    "weight": [
                        1,
                        1,
                        1,
                        1
                    ],
                    "spec": "/pa/terrain/jungle/brushes/jungle_plateau_01.json",
                    "proj": "BP_Bend",
                    "transform": [
                        0.964529812335968,
                        -0.16785931587219238,
                        -0.20372885465621948,
                        -142.72166442871094,
                        -0.16785931587219238,
                        0.20562118291854858,
                        -0.9641281366348267,
                        -675.4171752929688,
                        0.20372885465621948,
                        0.9641281366348267,
                        0.1701509952545166,
                        119.19879150390625
                    ],
                    "op": "BO_Add",
                    "rotation": 0,
                    "scale": [
                        1,
                        1,
                        1
                    ],
                    "height": 700.547119140625,
                    "position": [
                        -142.7216796875,
                        -675.417236328125,
                        119.19869995117188
                    ],
                    "weightHard": false,
                    "weightScale": [
                        1,
                        1,
                        1
                    ],
                    "mirrored": false,
                    "twinId": 0,
                    "flooded": false,
                    "pathable": false,
                    "mergeable": false,
                    "no_features": false
                },
                {
                    "weight": [
                        1,
                        1,
                        1,
                        1
                    ],
                    "spec": "/pa/terrain/jungle/brushes/jungle_plateau_01.json",
                    "proj": "BP_Bend",
                    "transform": [
                        0.9869216680526733,
                        0.10909906029701233,
                        0.11867178231477737,
                        83.20222473144531,
                        0.10909906029701233,
                        0.08989804983139038,
                        -0.9899574518203735,
                        -694.0711669921875,
                        -0.11867178231477737,
                        0.9899574518203735,
                        0.07681971788406372,
                        53.85923385620117
                    ],
                    "op": "BO_Add",
                    "rotation": 0,
                    "scale": [
                        1,
                        1,
                        1
                    ],
                    "height": 701.1121215820312,
                    "position": [
                        83.20222473144531,
                        -694.0711669921875,
                        53.85929489135742
                    ],
                    "weightHard": false,
                    "weightScale": [
                        1,
                        1,
                        1
                    ],
                    "mirrored": false,
                    "twinId": 0,
                    "flooded": false,
                    "pathable": false,
                    "mergeable": false,
                    "no_features": false
                },
                {
                    "weight": [
                        1,
                        1,
                        1,
                        1
                    ],
                    "spec": "/pa/terrain/jungle/brushes/jungle_plateau_01.json",
                    "proj": "BP_Bend",
                    "transform": [
                        0.826348066329956,
                        -0.5473967790603638,
                        0.13230891525745392,
                        92.76910400390625,
                        0.14343692362308502,
                        -0.022612009197473526,
                        -0.9894011616706848,
                        -693.723876953125,
                        0.5445867776870728,
                        0.836567759513855,
                        0.05983150005340576,
                        41.951175689697266
                    ],
                    "op": "BO_Add",
                    "rotation": 0.7099996209144592,
                    "scale": [
                        1,
                        1,
                        1
                    ],
                    "height": 701.1553344726562,
                    "position": [
                        92.76908874511719,
                        -693.723876953125,
                        41.95121765136719
                    ],
                    "weightHard": false,
                    "weightScale": [
                        1,
                        1,
                        1
                    ],
                    "mirrored": false,
                    "twinId": 0,
                    "flooded": false,
                    "pathable": false,
                    "mergeable": false,
                    "no_features": false
                },
                {
                    "weight": [
                        1,
                        1,
                        1,
                        1
                    ],
                    "spec": "/pa/terrain/jungle/brushes/jungle_plateau_01.json",
                    "proj": "BP_Bend",
                    "transform": [
                        0.6668665409088135,
                        0.4087595045566559,
                        -0.6230607628822327,
                        -436.8008728027344,
                        0.4087595045566559,
                        0.4984462261199951,
                        0.7645045518875122,
                        535.9609985351562,
                        0.6230607628822327,
                        -0.7645045518875122,
                        0.1653127670288086,
                        115.89361572265625
                    ],
                    "op": "BO_Add",
                    "rotation": 0,
                    "scale": [
                        1,
                        1,
                        1
                    ],
                    "height": 701.056640625,
                    "position": [
                        -436.80084228515625,
                        535.9609375,
                        115.89373779296875
                    ],
                    "weightHard": false,
                    "weightScale": [
                        1,
                        1,
                        1
                    ],
                    "mirrored": false,
                    "twinId": 0,
                    "flooded": false,
                    "pathable": false,
                    "mergeable": false,
                    "no_features": false
                },
                {
                    "weight": [
                        1,
                        1,
                        1,
                        1
                    ],
                    "spec": "/pa/terrain/jungle/brushes/jungle_plateau_01.json",
                    "proj": "BP_Bend",
                    "transform": [
                        0.23716692626476288,
                        -0.7455067038536072,
                        -0.6228737831115723,
                        -436.5925598144531,
                        0.37345144152641296,
                        -0.5219335556030273,
                        0.7668895125389099,
                        537.537841796875,
                        -0.8968200087547302,
                        -0.41449403762817383,
                        0.15462516248226166,
                        108.38182067871094
                    ],
                    "op": "BO_Add",
                    "rotation": 1.819998860359192,
                    "scale": [
                        1,
                        1,
                        1
                    ],
                    "height": 700.9325561523438,
                    "position": [
                        -436.5924377441406,
                        537.5377197265625,
                        108.38192749023438
                    ],
                    "weightHard": false,
                    "weightScale": [
                        1,
                        1,
                        1
                    ],
                    "mirrored": false,
                    "twinId": 0,
                    "flooded": false,
                    "pathable": false,
                    "mergeable": false,
                    "no_features": false
                },
                {
                    "weight": [
                        1,
                        1,
                        1,
                        1
                    ],
                    "spec": "/pa/terrain/jungle/brushes/jungle_crack_01.json",
                    "proj": "BP_Bend",
                    "transform": [
                        -0.5127614736557007,
                        0.33457639813423157,
                        0.9378346800804138,
                        586.8167114257812,
                        0.44792142510414124,
                        1.0196272134780884,
                        -0.11885498464107513,
                        -74.3692855834961,
                        -0.8892927765846252,
                        0.3206535875797272,
                        -0.6006156802177429,
                        -375.81390380859375
                    ],
                    "op": "BO_Subtract",
                    "rotation": 0.2200000137090683,
                    "scale": [
                        1.119999885559082,
                        1.119999885559082,
                        1.119999885559082
                    ],
                    "height": 700.8001098632812,
                    "position": [
                        586.8167724609375,
                        -74.36929321289062,
                        -375.81390380859375
                    ],
                    "weightHard": false,
                    "weightScale": [
                        1,
                        1,
                        1
                    ],
                    "mirrored": false,
                    "twinId": 0,
                    "flooded": true,
                    "pathable": false,
                    "mergeable": false,
                    "no_features": true
                },
                {
                    "weight": [
                        1,
                        1,
                        1,
                        1
                    ],
                    "spec": "/pa/terrain/jungle/brushes/jungle_crack_01.json",
                    "proj": "BP_Bend",
                    "transform": [
                        0.10837777704000473,
                        0.3337744474411011,
                        1.0951476097106934,
                        668.7362060546875,
                        0.3337744474411011,
                        1.0430461168289185,
                        -0.350926011800766,
                        -214.28794860839844,
                        -1.0951476097106934,
                        0.350926011800766,
                        0.0014240292366594076,
                        0.869563102722168
                    ],
                    "op": "BO_Subtract",
                    "rotation": 0,
                    "scale": [
                        1.1499998569488525,
                        1.1499998569488525,
                        1.1499998569488525
                    ],
                    "height": 702.23095703125,
                    "position": [
                        668.7362670898438,
                        -214.2879638671875,
