{
    "name": "Angel-La System",
    "planets": [
        {
            "name": "Dartjesis",
            "mass": 29353,
            "position_x": 12000,
            "position_y": -4400,
            "velocity_x": 68.0892105102539,
            "velocity_y": 185.6978759765625,
            "required_thrust_to_move": 0,
            "starting_planet": true,
            "respawn": false,
            "start_destroyed": false,
            "min_spawn_delay": 0,
            "max_spawn_delay": 0,
            "planet": {
                "seed": 1922121856,
                "radius": 950,
                "heightRange": 50,
                "waterHeight": 57,
                "waterDepth": 100,
                "temperature": 100,
                "metalDensity": 0,
                "metalClusters": 0,
                "metalSpotLimit": -1,
                "biomeScale": 75.00000006869588,
                "biome": "desert",
                "symmetryType": "none",
                "symmetricalMetal": false,
                "symmetricalStarts": false,
                "numArmies": 2,
                "landingZonesPerArmy": 0,
                "landingZoneSize": 100
            },
            "planetCSG": [
                {
                    "weight": [
                        0,
                        0,
                        0,
                        0
                    ],
                    "spec": "/pa/terrain/desert/brushes/desert_metal_t3_small_2x_1_ramp.json",
                    "proj": "BP_Bend",
                    "transform": [
                        0.6212160587310791,
                        0.42482173442840576,
                        -0.658496081829071,
                        -631.7838745117188,
                        0.22375449538230896,
                        0.7091636061668396,
                        0.6685962677001953,
                        641.4743041992188,
                        0.7510156631469727,
                        -0.5626842379570007,
                        0.3454880714416504,
                        331.4731750488281
                    ],
                    "op": "BO_Add",
                    "rotation": -0.14999999105930328,
                    "scale": [
                        1,
                        1,
                        1
                    ],
                    "height": 959.4345092773438,
                    "position": [
                        -631.7838134765625,
                        641.4743041992188,
                        331.4732360839844
                    ],
                    "weightHard": false,
                    "weightScale": [
                        1,
                        1,
                        1
                    ],
                    "mirrored": false,
                    "twinId": 0,
                    "flooded": false,
                    "pathable": true,
                    "mergeable": false,
                    "no_features": true
                },
                {
                    "weight": [
                        0,
                        0,
                        0,
                        0
                    ],
                    "spec": "/pa/terrain/desert/brushes/desert_metal_t3_small_2x_1_ramp.json",
                    "proj": "BP_Bend",
                    "transform": [
                        -0.21236371994018555,
                        0.8120982050895691,
                        -0.5435053706169128,
                        -520.8294677734375,
                        -0.8703011274337769,
                        0.0957513302564621,
                        0.483122855424881,
                        462.9662170410156,
                        0.4443845748901367,
                        0.5756110548973083,
                        0.6864358186721802,
                        657.796630859375
                    ],
                    "op": "BO_Add",
                    "rotation": -1.6399987936019897,
                    "scale": [
                        1,
                        1,
                        1
                    ],
                    "height": 958.2784423828125,
                    "position": [
                        -520.8295288085938,
                        462.96624755859375,
                        657.796630859375
                    ],
                    "weightHard": false,
                    "weightScale": [
                        1,
                        1,
                        1
                    ],
                    "mirrored": false,
                    "twinId": 0,
                    "flooded": false,
                    "pathable": true,
                    "mergeable": false,
                    "no_features": true
                },
                {
                    "weight": [
                        0,
                        0,
                        0,
                        0
                    ],
                    "spec": "/pa/terrain/desert/brushes/desert_metal_t3_small_2x_1_ramp.json",
                    "proj": "BP_Bend",
                    "transform": [
                        -0.6161327958106995,
                        -0.008800409734249115,
                        -0.7875931262969971,
                        -766.4284057617188,
                        -0.20197921991348267,
                        -0.964735746383667,
                        0.16878776252269745,
                        164.2519989013672,
                        -0.7613046169281006,
                        0.2630731165409088,
                        0.592627763748169,
                        576.7023315429688
                    ],
                    "op": "BO_Add",
                    "rotation": -3.0199975967407227,
                    "scale": [
                        1,
                        1,
                        1
                    ],
                    "height": 973.1273803710938,
                    "position": [
                        -766.428466796875,
                        164.25198364257812,
                        576.7023315429688
                    ],
                    "weightHard": false,
                    "weightScale": [
                        1,
                        1,
                        1
                    ],
                    "mirrored": false,
                    "twinId": 0,
                    "flooded": false,
                    "pathable": true,
                    "mergeable": false,
                    "no_features": true
                },
                {
                    "weight": [
                        0,
                        0,
                        0,
                        0
                    ],
                    "spec": "/pa/terrain/desert/brushes/desert_metal_t3_small_2x_1_ramp.json",
                    "proj": "BP_Bend",
                    "transform": [
                        0.22590036690235138,
                        -0.3762301206588745,
                        -0.8985654711723328,
                        -863.3751831054688,
                        0.8758864402770996,
                        -0.32527926564216614,
                        0.35639357566833496,
                        342.4362487792969,
                        -0.4263707399368286,
                        -0.8675507307052612,
                        0.256054162979126,
                        246.02638244628906
                    ],
                    "op": "BO_Add",
                    "rotation": 1.6499990224838257,
                    "scale": [
                        1,
                        1,
                        1
                    ],
                    "height": 960.8372802734375,
                    "position": [
                        -863.375244140625,
                        342.4362487792969,
                        246.02633666992188
                    ],
                    "weightHard": false,
                    "weightScale": [
                        1,
                        1,
                        1
                    ],
                    "mirrored": false,
                    "twinId": 0,
                    "flooded": false,
                    "pathable": true,
                    "mergeable": false,
                    "no_features": true
                },
                {
                    "weight": [
                        0,
                        0,
                        0,
                        0
                    ],
                    "spec": "/pa/terrain/desert/brushes/desert_metal_t3_small_2x_1_ramp.json",
                    "proj": "BP_Bend",
                    "transform": [
                        -0.9215904474258423,
                        -0.3875785171985626,
                        0.021305980160832405,
                        20.542051315307617,
                        -0.3652970790863037,
                        0.8845534324645996,
                        0.29003944993019104,
                        279.6400451660156,
                        -0.13125932216644287,
                        0.25951457023620605,
                        -0.9567772150039673,
                        -922.4718017578125
                    ],
                    "op": "BO_Add",
                    "rotation": 2.5999982357025146,
                    "scale": [
                        1,
                        1,
                        1
                    ],
                    "height": 964.1448364257812,
                    "position": [
                        20.542068481445312,
                        279.6402587890625,
                        -922.4720458984375
                    ],
                    "weightHard": false,
                    "weightScale": [
                        1,
                        1,
                        1
                    ],
                    "mirrored": false,
                    "twinId": 0,
                    "flooded": false,
                    "pathable": true,
                    "mergeable": false,
                    "no_features": true
                },
                {
                    "weight": [
                        0,
                        0,
                        0,
                        0
                    ],
                    "spec": "/pa/terrain/desert/brushes/desert_metal_t3_small_2x_1_ramp.json",
                    "proj": "BP_Bend",
                    "transform": [
                        0.3514215052127838,
                        -0.9260904788970947,
                        -0.13733015954494476,
                        -131.81411743164062,
                        -0.9358706474304199,
                        -0.3434997498989105,
                        -0.0784483253955841,
                        -75.29734802246094,
                        0.025477364659309387,
                        0.15609169006347656,
                        -0.9874141216278076,
                        -947.7533569335938
                    ],
                    "op": "BO_Add",
                    "rotation": -0.8899994492530823,
                    "scale": [
                        1,
                        1,
                        1
                    ],
                    "height": 959.8336791992188,
                    "position": [
                        -131.8140869140625,
                        -75.29732513427734,
                        -947.753173828125
                    ],
                    "weightHard": false,
                    "weightScale": [
                        1,
                        1,
                        1
                    ],
                    "mirrored": false,
                    "twinId": 0,
                    "flooded": false,
                    "pathable": true,
                    "mergeable": false,
                    "no_features": true
                },
                {
                    "weight": [
                        0,
                        0,
                        0,
                        0
                    ],
                    "spec": "/pa/terrain/desert/brushes/desert_metal_t3_small_2x_1_ramp.json",
                    "proj": "BP_Bend",
                    "transform": [
                        0.9399667382240295,
                        0.2611862123012543,
                        0.21964609622955322,
                        211.85055541992188,
                        0.3120252192020416,
                        -0.9184246063232422,
                        -0.24318036437034607,
                        -234.549560546875,
                        0.13821300864219666,
                        0.29711657762527466,
                        -0.9447852373123169,
                        -911.2534790039062
                    ],
                    "op": "BO_Add",
                    "rotation": 1.1699994802474976,
                    "scale": [
                        1,
                        1,
                        1
                    ],
                    "height": 964.5086059570312,
                    "position": [
                        211.8505096435547,
                        -234.54953002929688,
                        -911.2533569335938
                    ],
                    "weightHard": false,
                    "weightScale": [
                        1,
                        1,
                        1
                    ],
                    "mirrored": false,
                    "twinId": 0,
                    "flooded": false,
                    "pathable": true,
                    "mergeable": false,
                    "no_features": true
                },
                {
                    "weight": [
                        0,
                        0,
                        0,
                        0
                    ],
                    "spec": "/pa/terrain/desert/brushes/desert_metal_t3_small_2x_1_ramp.json",
                    "proj": "BP_Bend",
                    "transform": [
                        -0.36188775300979614,
                        0.8470035791397095,
                        0.3893865942955017,
                        376.7160949707031,
                        0.9318612813949585,
                        0.3402920961380005,
                        0.1258402019739151,
                        121.74540710449219,
                        -0.02591804414987564,
                        0.40839439630508423,
                        -0.912437379360199,
                        -882.7469482421875
                    ],
                    "op": "BO_Add",
                    "rotation": 1.819998860359192,
                    "scale": [
                        1,
                        1,
                        1
                    ],
                    "height": 967.4602661132812,
                    "position": [
                        376.716064453125,
                        121.74540710449219,
                        -882.7470703125
                    ],
                    "weightHard": false,
                    "weightScale": [
                        1,
                        1,
                        1
                    ],
                    "mirrored": false,
                    "twinId": 0,
                    "flooded": false,
                    "pathable": true,
                    "mergeable": false,
                    "no_features": true
                },
                {
                    "weight": [
                        0,
                        0,
                        0,
                        0
                    ],
                    "spec": "/pa/terrain/desert/brushes/desert_metal_t3_small_2x_1_ramp.json",
                    "proj": "BP_Bend",
                    "transform": [
                        0.695817768573761,
                        -0.39031359553337097,
                        0.6029037833213806,
                        577.7882080078125,
                        -0.20869842171669006,
                        0.693343460559845,
                        0.6897244453430176,
                        660.9921264648438,
                        -0.6872282028198242,
                        -0.6057475805282593,
                        0.4009828567504883,
                        384.2788391113281
                    ],
                    "op": "BO_Add",
                    "rotation": 0.12999998033046722,
                    "scale": [
                        1,
                        1,
                        1
                    ],
                    "height": 958.3423461914062,
                    "position": [
                        577.7882080078125,
                        660.9920654296875,
                        384.2788391113281
                    ],
                    "weightHard": false,
                    "weightScale": [
                        1,
                        1,
                        1
                    ],
                    "mirrored": false,
                    "twinId": 0,
                    "flooded": false,
                    "pathable": true,
                    "mergeable": false,
                    "no_features": true
                },
                {
                    "weight": [
                        0,
                        0,
                        0,
                        0
                    ],
                    "spec": "/pa/terrain/desert/brushes/desert_metal_t3_small_2x_1_ramp.json",
                    "proj": "BP_Bend",
                    "transform": [
                        0.20515163242816925,
                        0.4665221869945526,
                        0.8603893518447876,
                        824.5145874023438,
                        -0.865333616733551,
                        -0.3242725431919098,
                        0.3821583092212677,
                        366.2238464355469,
                        0.45728600025177,
                        -0.8229243159294128,
                        0.3371722996234894,
                        323.11358642578125
                    ],
                    "op": "BO_Add",
                    "rotation": -1.6599987745285034,
                    "scale": [
                        1,
                        1,
                        1
                    ],
                    "height": 958.303955078125,
                    "position": [
                        824.5145263671875,
                        366.22381591796875,
                        323.11358642578125
                    ],
                    "weightHard": false,
                    "weightScale": [
                        1,
                        1,
                        1
                    ],
                    "mirrored": false,
                    "twinId": 0,
                    "flooded": false,
                    "pathable": true,
                    "mergeable": false,
                    "no_features": true
                },
                {
                    "weight": [
                        0,
                        0,
                        0,
                        0
                    ],
                    "spec": "/pa/terrain/desert/brushes/desert_metal_t3_small_2x_1_ramp.json",
                    "proj": "BP_Bend",
                    "transform": [
                        -0.6944130063056946,
                        -0.0012155920267105103,
                        0.7195755839347839,
                        689.5709838867188,
                        0.20101286470890045,
                        -0.9605160355567932,
                        0.1923610419034958,
                        184.34002685546875,
                        0.6909301280975342,
                        0.2782219648361206,
                        0.6672390699386597,
                        639.416748046875
                    ],
                    "op": "BO_Add",
                    "rotation": 3.0199978351593018,
                    "scale": [
                        1,
                        1,
                        1
                    ],
                    "height": 958.30224609375,
                    "position": [
                        689.571044921875,
                        184.34005737304688,
                        639.416748046875
                    ],
                    "weightHard": false,
                    "weightScale": [
                        1,
                        1,
                        1
                    ],
                    "mirrored": false,
                    "twinId": 0,
                    "flooded": false,
                    "pathable": true,
                    "mergeable": false,
                    "no_features": true
                },
                {
                    "weight": [
                        0,
                        0,
                        0,
                        0
                    ],
                    "spec": "/pa/terrain/desert/brushes/desert_metal_t3_small_2x_1_ramp.json",
                    "proj": "BP_Bend",
                    "transform": [
                        -0.21820290386676788,
                        -0.8597661256790161,
                        0.4617246389389038,
                        442.49761962890625,
                        0.8670658469200134,
                        0.04633237421512604,
                        0.4960343837738037,
                        475.378662109375,
                        -0.44786638021469116,
                        0.508581817150116,
                        0.7353640198707581,
                        704.7421875
                    ],
                    "op": "BO_Add",
                    "rotation": 1.6699990034103394,
                    "scale": [
                        1,
                        1,
                        1
                    ],
                    "height": 958.3582763671875,
                    "position": [
                        442.49761962890625,
                        475.3786315917969,
                        704.7421875
                    ],
                    "weightHard": false,
                    "weightScale": [
                        1,
                        1,
                        1
                    ],
                    "mirrored": false,
                    "twinId": 0,
                    "flooded": false,
                    "pathable": true,
                    "mergeable": false,
                    "no_features": true
                },
                {
                    "weight": [
                        0,
                        0,
                        0,
                        0
                    ],
                    "spec": "/pa/terrain/desert/brushes/desert_metal_t3_small_2x_1_ramp.json",
                    "proj": "BP_Bend",
                    "transform": [
                        0.19912871718406677,
                        0.16077446937561035,
                        0.9666950106620789,
                        926.482421875,
                        0.45368796586990356,
                        0.8592448234558105,
                        -0.2363588511943817,
                        -226.52679443359375,
                        -0.8686281442642212,
                        0.48564374446868896,
                        0.09815889596939087,
                        94.07568359375
                    ],
                    "op": "BO_Add",
                    "rotation": 0.27000001072883606,
                    "scale": [
                        1,
                        1,
                        1
                    ],
                    "height": 958.4019775390625,
                    "position": [
                        926.482421875,
                        -226.52679443359375,
                        94.07561492919922
                    ],
                    "weightHard": false,
                    "weightScale": [
                        1,
                        1,
                        1
                    ],
                    "mirrored": false,
                    "twinId": 0,
                    "flooded": false,
                    "pathable": true,
                    "mergeable": false,
                    "no_features": true
                },
                {
                    "weight": [
                        0,
                        0,
                        0,
                        0
                    ],
                    "spec": "/pa/terrain/desert/brushes/desert_metal_t3_small_2x_1_ramp.json",
                    "proj": "BP_Bend",
                    "transform": [
                        -0.4345395863056183,
                        -0.05040241777896881,
                        0.8992411494255066,
                        884.2739868164062,
                        -0.7478906512260437,
                        0.576506495475769,
                        -0.32908931374549866,
                        -323.61187744140625,
                        -0.5018314719200134,
                        -0.815536379814148,
                        -0.288210391998291,
                        -283.4133605957031
                    ],
                    "op": "BO_Add",
                    "rotation": -1.3699990510940552,
                    "scale": [
                        1,
                        1,
                        1
                    ],
                    "height": 983.3557739257812,
                    "position": [
                        884.2740478515625,
                        -323.6119079589844,
                        -283.41363525390625
                    ],
                    "weightHard": false,
                    "weightScale": [
                        1,
                        1,
                        1
                    ],
                    "mirrored": false,
                    "twinId": 0,
                    "flooded": false,
                    "pathable": true,
                    "mergeable": false,
                    "no_features": true
                },
                {
                    "weight": [
                        0,
                        0,
                        0,
                        0
                    ],
                    "spec": "/pa/terrain/desert/brushes/desert_metal_t3_small_2x_1_ramp.json",
                    "proj": "BP_Bend",
                    "transform": [
                        -0.20148056745529175,
                        -0.6663187742233276,
                        0.7179309725761414,
                        688.007568359375,
                        -0.445842981338501,
                        -0.5902429819107056,
                        -0.6729317903518677,
                        -644.8839721679688,
                        0.8721408247947693,
                        -0.455667108297348,
                        -0.17815101146697998,
                        -170.7256622314453
                    ],
                    "op": "BO_Add",
                    "rotation": 2.869997978210449,
                    "scale": [
                        1,
                        1,
                        1
                    ],
                    "height": 958.3199462890625,
                    "position": [
                        688.0076293945312,
                        -644.884033203125,
                        -170.7256622314453
                    ],
                    "weightHard": false,
                    "weightScale": [
                        1,
                        1,
                        1
                    ],
                    "mirrored": false,
                    "twinId": 0,
                    "flooded": false,
                    "pathable": true,
                    "mergeable": false,
                    "no_features": true
                },
                {
                    "weight": [
                        0,
                        0,
                        0,
                        0
                    ],
                    "spec": "/pa/terrain/desert/brushes/desert_metal_t3_small_2x_1_ramp.json",
                    "proj": "BP_Bend",
                    "transform": [
                        0.4365856647491455,
                        -0.4346553683280945,
                        0.7876976728439331,
                        764.326904296875,
                        0.7665722966194153,
                        -0.2785663902759552,
                        -0.5785911083221436,
                        -561.4244384765625,
                        0.4709138572216034,
                        0.856431782245636,
                        0.2115766406059265,
                        205.29920959472656
                    ],
                    "op": "BO_Add",
                    "rotation": 1.4399992227554321,
                    "scale": [
                        1,
                        1,
                        1
                    ],
                    "height": 970.3302612304688,
                    "position": [
                        764.326904296875,
                        -561.4244384765625,
                        205.2992706298828
                    ],
                    "weightHard": false,
                    "weightScale": [
                        1,
                        1,
                        1
                    ],
                    "mirrored": false,
                    "twinId": 0,
                    "flooded": false,
                    "pathable": true,
                    "mergeable": false,
                    "no_features": true
                },
                {
                    "weight": [
                        0,
                        0,
                        0,
                        0
                    ],
                    "spec": "/pa/terrain/desert/brushes/desert_plateau_11.json",
                    "proj": "BP_Bend",
                    "transform": [
                        0.427734911441803,
                        0.3052683174610138,
                        0.850796103477478,
                        816.3555297851562,
                        0.3052683174610138,
                        0.8371580839157104,
                        -0.4538475275039673,
                        -435.4755859375,
                        -0.850796103477478,
                        0.4538475275039673,
                        0.2648929953575134,
                        254.17001342773438
                    ],
                    "op": "BO_Add",
                    "rotation": 0,
                    "scale": [
                        1,
                        1,
                        1
                    ],
                    "height": 959.5195922851562,
                    "position": [
                        816.3555908203125,
                        -435.47564697265625,
                        254.16990661621094
                    ],
                    "weightHard": false,
                    "weightScale": [
                        1,
                        1,
                        1
                    ],
                    "mirrored": false,
                    "twinId": 0,
                    "flooded": false,
                    "pathable": false,
                    "mergeable": false,
                    "no_features": false
                },
                {
                    "weight": [
                        0,
                        0,
                        0,
                        0
                    ],
                    "spec": "/pa/terrain/desert/brushes/desert_plateau_10.json",
                    "proj": "BP_Bend",
                    "transform": [
                        0.3545922636985779,
                        0.30614128708839417,
                        0.8834827542304993,
                        850.1768188476562,
                        0.30614128708839417,
                        0.8547856211662292,
                        -0.4190692901611328,
                        -403.2710266113281,
                        -0.8834827542304993,
                        0.4190692901611328,
                        0.20937788486480713,
                        201.4846649169922
                    ],
                    "op": "BO_Add",
                    "rotation": 0,
                    "scale": [
                        1,
                        1,
                        1
                    ],
                    "height": 962.3015747070312,
                    "position": [
                        850.1768798828125,
                        -403.27105712890625,
                        201.4846649169922
                    ],
                    "weightHard": false,
                    "weightScale": [
                        1,
                        1,
                        1
                    ],
                    "mirrored": false,
                    "twinId": 0,
                    "flooded": false,
                    "pathable": false,
                    "mergeable": false,
                    "no_features": false
                },
                {
                    "weight": [
                        0,
                        0,
                        0,
                        0
                    ],
                    "spec": "/pa/terrain/desert/brushes/desert_plateau_11.json",
                    "proj": "BP_Bend",
                    "transform": [
                        0.555031418800354,
                        0.416072815656662,
                        1.497104525566101,
                        869.513427734375,
                        0.416072815656662,
                        1.491897463798523,
                        -0.5688791871070862,
                        -330.4031982421875,
                        -1.497104525566101,
                        0.5688791871070862,
                        0.39692944288253784,
                        230.53533935546875
                    ],
                    "op": "BO_Add",
                    "rotation": 0,
                    "scale": [
                        1.6499993801116943,
                        1.6499993801116943,
                        1.6499993801116943
                    ],
                    "height": 958.3142700195312,
                    "position": [
                        869.5133056640625,
                        -330.40313720703125,
                        230.53533935546875
                    ],
                    "weightHard": false,
                    "weightScale": [
                        1,
                        1,
                        1
                    ],
                    "mirrored": false,
                    "twinId": 0,
                    "flooded": false,
                    "pathable": false,
                    "mergeable": false,
                    "no_features": false
                },
                {
                    "weight": [
                        0,
                        0,
                        0,
                        0
                    ],
                    "spec": "/pa/terrain/desert/brushes/desert_plateau_11.json",
                    "proj": "BP_Bend",
                    "transform": [
                        0.2307613492012024,
                        0.25157395005226135,
                        0.9399255514144897,
                        900.704345703125,
                        0.25157395005226135,
                        0.9177245497703552,
                        -0.307395875453949,
                        -294.5688781738281,
                        -0.9399255514144897,
                        0.307395875453949,
                        0.14848589897155762,
                        142.28988647460938
                    ],
                    "op": "BO_Add",
                    "rotation": 0,
                    "scale": [
                        1,
                        1,
                        1
                    ],
                    "height": 958.2720336914062,
                    "position": [
                        900.7041625976562,
                        -294.5688171386719,
                        142.29005432128906
                    ],
                    "weightHard": false,
                    "weightScale": [
                        1,
                        1,
                        1
                    ],
                    "mirrored": false,
                    "twinId": 0,
                    "flooded": false,
                    "pathable": false,
                    "mergeable": false,
                    "no_features": false
                },
                {
                    "weight": [
                        0,
                        0,
                        0,
                        0
                    ],
                    "spec": "/pa/terrain/desert/brushes/desert_plateau_11.json",
                    "proj": "BP_Bend",
                    "transform": [
                        -0.20602186024188995,
                        0.3112390339374542,
                        1.791530728340149,
                        961.654541015625,
                        0.3112390339374542,
                        1.7824212312698364,
                        -0.2738646864891052,
                        -147.00457763671875,
                        -1.791530728340149,
                        0.2738646864891052,
                        -0.2535999119281769,
                        -136.12689208984375
                    ],
                    "op": "BO_Add",
                    "rotation": 0,
                    "scale": [
                        1.8299992084503174,
                        1.8299992084503174,
                        1.8299992084503174
                    ],
                    "height": 982.3035888671875,
                    "position": [
                        961.654541015625,
                        -147.00457763671875,
                        -136.12692260742188
                    ],
                    "weightHard": false,
                    "weightScale": [
                        1,
                        1,
                        1
                    ],
                    "mirrored": false,
                    "twinId": 0,
                    "flooded": false,
                    "pathable": false,
                    "mergeable": false,
                    "no_features": false
                },
                {
                    "weight": [
                        0,
                        0,
                        0,
                        0
                    ],
                    "spec": "/pa/terrain/desert/brushes/desert_plateau_10.json",
                    "proj": "BP_Bend",
                    "transform": [
                        -0.03717052936553955,
                        0.20774304866790771,
                        0.977476954460144,
                        959.3098754882812,
                        0.20774304866790771,
                        0.9583895206451416,
                        -0.19578653573989868,
                        -192.147705078125,
                        -0.977476954460144,
                        0.19578653573989868,
                        -0.07878100872039795,
                        -77.31681060791016
                    ],
                    "op": "BO_Add",
                    "rotation": 0,
                    "scale": [
                        1,
                        1,
                        1
                    ],
                    "height": 981.414306640625,
                    "position": [
                        959.309814453125,
                        -192.147705078125,
                        -77.31694793701172
                    ],
