{
    "name": "Vatiq System",
    "planets": [
        {
            "name": "Teio",
            "mass": 10000,
            "position_x": 30699.998046875,
            "position_y": 9699.9990234375,
            "velocity_x": -223.300048828125,
            "velocity_y": -26.018150329589844,
            "required_thrust_to_move": 0,
            "starting_planet": true,
            "respawn": false,
            "start_destroyed": false,
            "min_spawn_delay": 0,
            "max_spawn_delay": 0,
            "planet": {
                "seed": 1008898432,
                "radius": 500,
                "heightRange": 100,
                "waterHeight": 0,
                "waterDepth": 100,
                "temperature": 0,
                "metalDensity": 0,
                "metalClusters": 0,
                "metalSpotLimit": -1,
                "biomeScale": 50,
                "biome": "earth",
                "symmetryType": "none",
                "symmetricalMetal": false,
                "symmetricalStarts": false,
                "numArmies": 2,
                "landingZonesPerArmy": 0,
                "landingZoneSize": 0
            },
            "planetCSG": [
                {
                    "weight": [
                        1,
                        1,
                        1,
                        1
                    ],
                    "spec": "/pa/terrain/ice/brushes/ice_cliff_09.json",
                    "proj": "BP_Bend",
                    "transform": [
                        0.2275378555059433,
                        0.7963178753852844,
                        0.5604501962661743,
                        282.94970703125,
                        -0.5362244844436646,
                        0.5828877091407776,
                        -0.6104958653450012,
                        -308.2158203125,
                        -0.8128283023834229,
                        -0.16161620616912842,
                        0.5596341490745544,
                        282.5377197265625
                    ],
                    "op": "BO_Add",
                    "rotation": 5.258801460266113,
                    "scale": [
                        1,
                        1,
                        1
                    ],
                    "height": 504.8614501953125,
                    "position": [
                        282.9496765136719,
                        -308.2158203125,
                        282.5377502441406
                    ],
                    "weightHard": true,
                    "weightScale": [
                        2,
                        2,
                        2
                    ],
                    "mirrored": false,
                    "twinId": 0,
                    "flooded": false,
                    "pathable": false,
                    "mergeable": false,
                    "no_features": false
                },
                {
                    "weight": [
                        1,
                        1,
                        1,
                        1
                    ],
                    "spec": "/pa/terrain/ice/brushes/ice_cliff_09.json",
                    "proj": "BP_Bend",
                    "transform": [
                        -0.6451979279518127,
                        0.026511847972869873,
                        0.7635552883148193,
                        343.471923828125,
                        0.40125513076782227,
                        -0.8387125730514526,
                        0.36817866563796997,
                        165.6186981201172,
                        0.6501644849777222,
                        0.5439285635948181,
                        0.5304976105690002,
                        238.63502502441406
                    ],
                    "op": "BO_Add",
                    "rotation": 2.8942270278930664,
                    "scale": [
                        1,
                        1,
                        1
                    ],
                    "height": 449.8324279785156,
                    "position": [
                        343.471923828125,
                        165.61871337890625,
                        238.63502502441406
                    ],
                    "weightHard": true,
                    "weightScale": [
                        2,
                        2,
                        2
                    ],
                    "mirrored": false,
                    "twinId": 0,
                    "flooded": false,
                    "pathable": false,
                    "mergeable": false,
                    "no_features": false
                },
                {
                    "weight": [
                        1,
                        1,
                        1,
                        1
                    ],
                    "spec": "/pa/terrain/ice/brushes/ice_cliff_09.json",
                    "proj": "BP_Bend",
                    "transform": [
                        0.6540809869766235,
                        0.7036086916923523,
                        0.27769190073013306,
                        122.00634765625,
                        -0.6964256167411804,
                        0.4168631434440613,
                        0.5841372609138489,
                        256.6457824707031,
                        0.29524457454681396,
                        -0.5754648447036743,
                        0.7626734375953674,
                        335.0871887207031
                    ],
                    "op": "BO_Add",
                    "rotation": 5.365384101867676,
                    "scale": [
                        1,
                        1,
                        1
                    ],
                    "height": 439.3586730957031,
                    "position": [
                        122.00635528564453,
                        256.64581298828125,
                        335.087158203125
                    ],
                    "weightHard": true,
                    "weightScale": [
                        2,
                        2,
                        2
                    ],
                    "mirrored": false,
                    "twinId": 0,
                    "flooded": false,
                    "pathable": false,
                    "mergeable": false,
                    "no_features": false
                },
                {
                    "weight": [
                        1,
                        1,
                        1,
                        1
                    ],
                    "spec": "/pa/terrain/ice/brushes/ice_cliff_09.json",
                    "proj": "BP_Bend",
                    "transform": [
                        -0.142914280295372,
                        0.9893785119056702,
                        -0.02656267024576664,
                        -11.592877388000488,
                        -0.32374435663223267,
                        -0.02136894501745701,
                        0.9459031820297241,
                        412.8251953125,
                        0.9352887868881226,
                        0.1437826007604599,
                        0.3233596384525299,
                        141.1254425048828
                    ],
                    "op": "BO_Add",
                    "rotation": 4.587926864624023,
                    "scale": [
                        1,
                        1,
                        1
                    ],
                    "height": 436.4349060058594,
                    "position": [
                        -11.592877388000488,
                        412.8251953125,
                        141.12548828125
                    ],
                    "weightHard": true,
                    "weightScale": [
                        2,
                        2,
                        2
                    ],
                    "mirrored": false,
                    "twinId": 0,
                    "flooded": false,
                    "pathable": false,
                    "mergeable": false,
                    "no_features": false
                },
                {
                    "weight": [
                        1,
                        1,
                        1,
                        1
                    ],
                    "spec": "/pa/terrain/ice/brushes/ice_cliff_11.json",
                    "proj": "BP_Bend",
                    "transform": [
                        0.7255697846412659,
                        -0.5253688097000122,
                        0.44445016980171204,
                        200.15928649902344,
                        -0.3752899169921875,
                        0.2392667829990387,
                        0.8954935073852539,
                        403.287841796875,
                        -0.5768065452575684,
                        -0.8165407776832581,
                        -0.02356088161468506,
                        -10.61070442199707
                    ],
                    "op": "BO_Add",
                    "rotation": 0.1543118804693222,
                    "scale": [
                        1,
                        1,
                        1
                    ],
                    "height": 450.35260009765625,
                    "position": [
                        200.1593017578125,
                        403.287841796875,
                        -10.610745429992676
                    ],
                    "weightHard": true,
                    "weightScale": [
                        4,
                        4,
                        4
                    ],
                    "mirrored": false,
                    "twinId": 0,
                    "flooded": false,
                    "pathable": false,
                    "mergeable": false,
                    "no_features": false
                },
                {
                    "weight": [
                        1,
                        1,
                        1,
                        1
                    ],
                    "spec": "/pa/terrain/ice/brushes/ice_cliff_11.json",
                    "proj": "BP_Bend",
                    "transform": [
                        0.3465292453765869,
                        -0.6488690376281738,
                        0.677411675453186,
                        314.1747131347656,
                        -0.8846524953842163,
                        0.01408839225769043,
                        0.4660380482673645,
                        216.14236450195312,
                        -0.3119412660598755,
                        -0.760769784450531,
                        -0.5691416263580322,
                        -263.96044921875
                    ],
                    "op": "BO_Add",
                    "rotation": 5.704120635986328,
                    "scale": [
                        1,
                        1,
                        1
                    ],
                    "height": 463.7869567871094,
                    "position": [
                        314.17474365234375,
                        216.14239501953125,
                        -263.9604187011719
                    ],
                    "weightHard": true,
                    "weightScale": [
                        4,
                        4,
                        4
                    ],
                    "mirrored": false,
                    "twinId": 0,
                    "flooded": false,
                    "pathable": false,
                    "mergeable": false,
                    "no_features": false
                },
                {
                    "weight": [
                        1,
                        1,
                        1,
                        1
                    ],
                    "spec": "/pa/terrain/ice/brushes/ice_cliff_10.json",
                    "proj": "BP_Bend",
                    "transform": [
                        0.4438461661338806,
                        -0.005390793085098267,
                        0.8960867524147034,
                        451.0631408691406,
                        0.42101940512657166,
                        -0.8814845085144043,
                        -0.21384058892726898,
                        -107.64092254638672,
                        0.7910393476486206,
                        0.4721822440624237,
                        -0.38897383213043213,
                        -195.7977294921875
                    ],
                    "op": "BO_Add",
                    "rotation": 2.3691885471343994,
                    "scale": [
                        1,
                        1,
                        1
                    ],
                    "height": 503.36993408203125,
                    "position": [
                        451.0632019042969,
                        -107.64093017578125,
                        -195.79779052734375
                    ],
                    "weightHard": true,
                    "weightScale": [
                        2,
                        2,
                        2
                    ],
                    "mirrored": false,
                    "twinId": 0,
                    "flooded": false,
                    "pathable": false,
                    "mergeable": false,
                    "no_features": false
                },
                {
                    "weight": [
                        1,
                        1,
                        1,
                        1
                    ],
                    "spec": "/pa/terrain/ice/brushes/ice_cliff_11.json",
                    "proj": "BP_Bend",
                    "transform": [
                        -0.9711871147155762,
                        0.04134756326675415,
                        -0.2347041815519333,
                        -124.46337890625,
                        0.23553743958473206,
                        0.3165437579154968,
                        -0.9188700914382935,
                        -487.2758483886719,
                        0.03630109131336212,
                        -0.947676420211792,
                        -0.3171621561050415,
                        -168.19076538085938
                    ],
                    "op": "BO_Add",
                    "rotation": 2.8532261848449707,
                    "scale": [
                        1,
                        1,
                        1
                    ],
                    "height": 530.2989501953125,
                    "position": [
                        -124.46337127685547,
                        -487.2758483886719,
                        -168.19070434570312
                    ],
                    "weightHard": true,
                    "weightScale": [
                        4,
                        4,
                        4
                    ],
                    "mirrored": false,
                    "twinId": 0,
                    "flooded": false,
                    "pathable": false,
                    "mergeable": false,
                    "no_features": false
                },
                {
                    "weight": [
                        1,
                        1,
                        1,
                        1
                    ],
                    "spec": "/pa/terrain/ice/brushes/ice_cliff_07.json",
                    "proj": "BP_Bend",
                    "transform": [
                        0.35004478693008423,
                        -0.3755950331687927,
                        -0.858135998249054,
                        -436.3470764160156,
                        0.0006905496120452881,
                        -0.9159906506538391,
                        0.4011991024017334,
                        204.002685546875,
                        -0.9367329478263855,
                        -0.14103025197982788,
                        -0.32037830352783203,
                        -162.90673828125
                    ],
                    "op": "BO_Add",
                    "rotation": 2.554828643798828,
                    "scale": [
                        1,
                        1,
                        1
                    ],
                    "height": 508.482421875,
                    "position": [
                        -436.3470153808594,
                        204.00265502929688,
                        -162.90672302246094
                    ],
                    "weightHard": true,
                    "weightScale": [
                        2,
                        2,
                        2
                    ],
                    "mirrored": false,
                    "twinId": 0,
                    "flooded": false,
                    "pathable": false,
                    "mergeable": false,
                    "no_features": false
                },
                {
                    "weight": [
                        1,
                        1,
                        1,
                        1
                    ],
                    "spec": "/pa/terrain/ice/brushes/ice_cliff_06.json",
                    "proj": "BP_Bend",
                    "transform": [
                        -0.13435572385787964,
                        -0.9544088244438171,
                        0.26655644178390503,
                        134.5010986328125,
                        0.6376683712005615,
                        -0.28917238116264343,
                        -0.7139735817909241,
                        -360.26226806640625,
                        0.7585034370422363,
                        0.07404817640781403,
                        0.6474483013153076,
                        326.6944274902344
                    ],
                    "op": "BO_Add",
                    "rotation": 1.8307970762252808,
                    "scale": [
                        1,
                        1,
                        1
                    ],
                    "height": 504.5876770019531,
                    "position": [
                        134.50111389160156,
                        -360.2622985839844,
                        326.6944274902344
                    ],
                    "weightHard": true,
                    "weightScale": [
                        2,
                        2,
                        2
                    ],
                    "mirrored": false,
                    "twinId": 0,
                    "flooded": false,
                    "pathable": false,
                    "mergeable": false,
                    "no_features": false
                },
                {
                    "weight": [
                        1,
                        1,
                        1,
                        1
                    ],
                    "spec": "/pa/terrain/ice/brushes/ice_cliff_01.json",
                    "proj": "BP_Bend",
                    "transform": [
                        -0.27285832166671753,
                        0.351624071598053,
                        0.895493745803833,
                        460.2148132324219,
                        0.817988932132721,
                        0.5747512578964233,
                        0.02356097660958767,
                        12.108527183532715,
                        -0.506401538848877,
                        0.7389327883720398,
                        -0.4444502592086792,
                        -228.41319274902344
                    ],
                    "op": "BO_Add",
                    "rotation": 0.9962988495826721,
                    "scale": [
                        1,
                        1,
                        1
                    ],
                    "height": 513.9229736328125,
                    "position": [
                        460.2147521972656,
                        12.108525276184082,
                        -228.4131622314453
                    ],
                    "weightHard": false,
                    "weightScale": [
                        4,
                        4,
                        4
                    ],
                    "mirrored": false,
                    "twinId": 0,
                    "flooded": false,
                    "pathable": false,
                    "mergeable": false,
                    "no_features": false
                },
                {
                    "weight": [
                        1,
                        1,
                        1,
                        1
                    ],
                    "spec": "/pa/terrain/ice/brushes/ice_cliff_01.json",
                    "proj": "BP_Bend",
                    "transform": [
                        0.1669187843799591,
                        -0.5710628628730774,
                        0.8037568926811218,
                        373.5921936035156,
                        -0.38021278381347656,
                        -0.7894247770309448,
                        -0.4819198250770569,
                        -223.9999237060547,
                        0.9097120761871338,
                        -0.22515715658664703,
                        -0.34889519214630127,
                        -162.16908264160156
                    ],
                    "op": "BO_Add",
                    "rotation": 2.844106912612915,
                    "scale": [
                        1,
                        1,
                        1
                    ],
                    "height": 464.80743408203125,
                    "position": [
                        373.5921936035156,
                        -223.99993896484375,
                        -162.1691131591797
                    ],
                    "weightHard": false,
                    "weightScale": [
                        4,
                        4,
                        4
                    ],
                    "mirrored": false,
                    "twinId": 0,
                    "flooded": false,
                    "pathable": false,
                    "mergeable": false,
                    "no_features": false
                },
                {
                    "weight": [
                        1,
                        1,
                        1,
                        1
                    ],
                    "spec": "/pa/terrain/ice/brushes/ice_cliff_03.json",
                    "proj": "BP_Bend",
                    "transform": [
                        -0.3021983504295349,
                        -0.8946906924247742,
                        0.3289448022842407,
                        140.7665252685547,
                        0.6498061418533325,
                        0.05912983417510986,
                        0.757796585559845,
                        324.2865905761719,
                        -0.6974440217018127,
                        0.44275522232055664,
                        0.5635066032409668,
                        241.1433868408203
                    ],
                    "op": "BO_Add",
                    "rotation": 1.7268931865692139,
                    "scale": [
                        1,
                        1,
                        1
                    ],
                    "height": 427.9335632324219,
                    "position": [
                        140.7665252685547,
                        324.2865905761719,
                        241.1433868408203
                    ],
                    "weightHard": false,
                    "weightScale": [
                        5,
                        5,
                        5
                    ],
                    "mirrored": false,
                    "twinId": 0,
                    "flooded": false,
                    "pathable": false,
                    "mergeable": false,
                    "no_features": false
                },
                {
                    "weight": [
                        1,
                        1,
                        1,
                        1
                    ],
                    "spec": "/pa/terrain/ice/brushes/ice_cliff_01.json",
                    "proj": "BP_Bend",
                    "transform": [
                        0.01445382833480835,
                        -0.46804744005203247,
                        0.8835850954055786,
                        452.9233703613281,
                        -0.9456264972686768,
                        0.2807675004005432,
                        0.1641951948404312,
                        84.16602325439453,
                        -0.32493311166763306,
                        -0.837914764881134,
                        -0.43853986263275146,
                        -224.79437255859375
                    ],
                    "op": "BO_Add",
                    "rotation": 5.266056060791016,
                    "scale": [
                        1,
                        1,
                        1
                    ],
                    "height": 512.5973510742188,
                    "position": [
                        452.9234313964844,
                        84.16603088378906,
                        -224.7943572998047
                    ],
                    "weightHard": false,
                    "weightScale": [
                        4,
                        4,
                        4
                    ],
                    "mirrored": false,
                    "twinId": 0,
                    "flooded": false,
                    "pathable": false,
                    "mergeable": false,
                    "no_features": false
                },
                {
                    "weight": [
                        1,
                        1,
                        1,
                        1
                    ],
                    "spec": "/pa/terrain/ice/brushes/ice_cliff_03.json",
                    "proj": "BP_Bend",
                    "transform": [
                        0.6026312708854675,
                        0.04182083159685135,
                        0.7969232201576233,
                        379.391845703125,
                        -0.3813638389110565,
                        0.8923062086105347,
                        0.24156008660793304,
                        114.99969482421875,
                        -0.7009972929954529,
                        -0.4494893550872803,
                        0.5536805987358093,
                        263.5911560058594
                    ],
                    "op": "BO_Add",
                    "rotation": 6.00732421875,
                    "scale": [
                        1,
                        1,
                        1
                    ],
                    "height": 476.0707702636719,
                    "position": [
                        379.3918762207031,
                        114.99969482421875,
                        263.5911865234375
                    ],
                    "weightHard": false,
                    "weightScale": [
                        5,
                        5,
                        5
                    ],
                    "mirrored": false,
                    "twinId": 0,
                    "flooded": false,
                    "pathable": false,
                    "mergeable": false,
                    "no_features": false
                },
                {
                    "weight": [
                        1,
                        1,
                        1,
                        1
                    ],
                    "spec": "/pa/terrain/ice/brushes/ice_cliff_02.json",
                    "proj": "BP_Bend",
                    "transform": [
                        0.03540102392435074,
                        0.6755094528198242,
                        0.7365010976791382,
                        367.55438232421875,
                        0.9993387460708618,
                        -0.030043277889490128,
                        -0.02047940157353878,
                        -10.220342636108398,
                        0.00829287525266409,
                        0.7367390990257263,
                        -0.6761263608932495,
                        -337.424072265625
                    ],
                    "op": "BO_Add",
                    "rotation": 1.5542528629302979,
                    "scale": [
                        1,
                        1,
                        1
                    ],
                    "height": 499.05474853515625,
                    "position": [
                        367.5544128417969,
                        -10.220343589782715,
                        -337.42401123046875
                    ],
                    "weightHard": false,
                    "weightScale": [
                        4,
                        4,
                        4
                    ],
                    "mirrored": false,
                    "twinId": 0,
                    "flooded": false,
                    "pathable": false,
                    "mergeable": false,
                    "no_features": false
                },
                {
                    "weight": [
                        1,
                        1,
                        1,
                        1
                    ],
                    "spec": "/pa/terrain/ice/brushes/ice_cliff_03.json",
                    "proj": "BP_Bend",
                    "transform": [
                        -0.8707481026649475,
                        0.4414232075214386,
                        0.21666403114795685,
                        95.0658187866211,
                        -0.1830795705318451,
                        -0.6999668478965759,
                        0.6903102993965149,
                        302.8879089355469,
                        0.45637667179107666,
                        0.561419665813446,
                        0.6903102397918701,
                        302.88787841796875
                    ],
                    "op": "BO_Add",
                    "rotation": 3.5200209617614746,
                    "scale": [
                        1,
                        1,
                        1
                    ],
                    "height": 438.7706298828125,
                    "position": [
                        95.06581115722656,
                        302.88787841796875,
                        302.8879089355469
                    ],
                    "weightHard": false,
                    "weightScale": [
                        5,
                        5,
                        5
                    ],
                    "mirrored": false,
                    "twinId": 0,
                    "flooded": false,
                    "pathable": false,
                    "mergeable": false,
                    "no_features": false
                },
                {
                    "weight": [
                        1,
                        1,
                        1,
                        1
                    ],
                    "spec": "/pa/terrain/ice/brushes/ice_cliff_03.json",
                    "proj": "BP_Bend",
                    "transform": [
                        0.9370794296264648,
                        0.27374956011772156,
                        0.21666404604911804,
                        95.0658187866211,
                        -0.3453381359577179,
                        0.6357775926589966,
                        0.6903103590011597,
                        302.8879089355469,
                        0.05122201144695282,
                        -0.7216980457305908,
                        0.6903102993965149,
                        302.88787841796875
                    ],
                    "op": "BO_Add",
                    "rotation": 5.908202171325684,
                    "scale": [
                        1,
                        1,
                        1
                    ],
                    "height": 438.7706298828125,
                    "position": [
                        95.06581115722656,
                        302.88787841796875,
                        302.8879089355469
                    ],
                    "weightHard": false,
                    "weightScale": [
                        5,
                        5,
                        5
                    ],
                    "mirrored": false,
                    "twinId": 0,
                    "flooded": false,
                    "pathable": false,
                    "mergeable": false,
                    "no_features": false
                },
                {
                    "weight": [
                        1,
                        1,
                        1,
                        1
                    ],
                    "spec": "/pa/terrain/ice/brushes/ice_cliff_02.json",
                    "proj": "BP_Bend",
                    "transform": [
                        -0.7363507151603699,
                        0.4959501624107361,
                        0.4602402448654175,
                        233.84889221191406,
                        -0.6294682621955872,
                        -0.25271230936050415,
                        -0.7347831130027771,
                        -373.3446044921875,
                        -0.2481074035167694,
                        -0.8307647109031677,
                        0.49826979637145996,
                        253.17176818847656
                    ],
                    "op": "BO_Add",
                    "rotation": 3.9913880825042725,
                    "scale": [
                        1,
                        1,
                        1
                    ],
                    "height": 508.1017761230469,
                    "position": [
                        233.848876953125,
                        -373.3446044921875,
                        253.17176818847656
                    ],
                    "weightHard": false,
                    "weightScale": [
                        4,
                        4,
                        4
                    ],
                    "mirrored": false,
                    "twinId": 0,
                    "flooded": false,
                    "pathable": false,
                    "mergeable": false,
                    "no_features": false
                },
                {
                    "weight": [
                        1,
                        1,
                        1,
                        1
                    ],
                    "spec": "/pa/terrain/ice/brushes/ice_cliff_01.json",
                    "proj": "BP_Bend",
                    "transform": [
                        0.7952907085418701,
                        -0.16216085851192474,
                        0.5841374397277832,
                        254.74559020996094,
                        -0.4694654941558838,
                        0.4448949694633484,
                        0.7626733779907227,
                        332.6061096191406,
                        -0.38355553150177,
                        -0.8807793855667114,
                        0.2776918411254883,
                        121.10295867919922
                    ],
                    "op": "BO_Add",
                    "rotation": 6.04028844833374,
                    "scale": [
                        1,
                        1,
                        1
                    ],
                    "height": 436.1055603027344,
                    "position": [
                        254.74557495117188,
                        332.6061096191406,
                        121.10297393798828
                    ],
                    "weightHard": false,
                    "weightScale": [
                        4,
                        4,
                        4
                    ],
                    "mirrored": false,
                    "twinId": 0,
                    "flooded": false,
                    "pathable": false,
                    "mergeable": false,
                    "no_features": false
                },
                {
                    "weight": [
                        1,
                        1,
                        1,
                        1
                    ],
                    "spec": "/pa/terrain/ice/brushes/ice_cliff_03.json",
                    "proj": "BP_Bend",
                    "transform": [
                        -0.3658369779586792,
                        0.6732639074325562,
                        0.6425567269325256,
                        276.65728759765625,
                        -0.3292035460472107,
                        -0.7393947839736938,
                        0.5872992277145386,
                        252.86578369140625,
                        0.870510458946228,
                        0.003323793411254883,
                        0.4921388626098633,
                        211.89381408691406
                    ],
                    "op": "BO_Add",
                    "rotation": 3.878272771835327,
                    "scale": [
                        1,
                        1,
                        1
                    ],
                    "height": 430.5569763183594,
                    "position": [
                        276.6571960449219,
                        252.86573791503906,
                        211.89382934570312
                    ],
                    "weightHard": false,
                    "weightScale": [
                        5,
                        5,
                        5
                    ],
                    "mirrored": false,
                    "twinId": 0,
                    "flooded": false,
                    "pathable": false,
                    "mergeable": false,
                    "no_features": false
                },
                {
                    "weight": [
                        1,
                        1,
                        1,
                        1
                    ],
                    "spec": "/pa/terrain/ice/brushes/ice_cliff_02.json",
                    "proj": "BP_Bend",
                    "transform": [
                        -0.46498340368270874,
                        -0.2332327961921692,
                        0.8540450930595398,
                        414.4506530761719,
                        -0.8078653216362,
                        0.5063787698745728,
                        -0.30155301094055176,
                        -146.3375244140625,
                        -0.3621382415294647,
                        -0.8301705121994019,
                        -0.42387843132019043,
                        -205.69955444335938
                    ],
                    "op": "BO_Add",
                    "rotation": 4.784302711486816,
                    "scale": [
                        1,
                        1,
                        1
                    ],
                    "height": 485.27960205078125,
                    "position": [
                        414.4506530761719,
                        -146.33750915527344,
                        -205.6995849609375
                    ],
                    "weightHard": false,
                    "weightScale": [
                        4,
                        4,
                        4
                    ],
                    "mirrored": false,
                    "twinId": 0,
                    "flooded": false,
                    "pathable": false,
